# Time forceX forceY forceZ normalForce area
0 0 0 0 0 (0 2.99814e-05 0)
0.01 24.2202 298.211 0.000252286 298.211 (5.38918e-11 2.99808e-05 2.54251e-13)
0.02 49.1454 596.091 5.45078e-05 596.091 (1.07723e-10 2.99802e-05 2.28424e-13)
0.03 74.1307 893.767 3.96362e-05 893.767 (1.61479e-10 2.99797e-05 1.41804e-13)
0.04 99.1084 1191.15 1.59109e-05 1191.15 (2.15188e-10 2.99791e-05 5.88822e-14)
0.05 124.069 1488.17 -3.48492e-05 1488.18 (2.68852e-10 2.99786e-05 -2.09356e-14)
0.06 149.008 1784.77 -7.49142e-05 1784.77 (3.22469e-10 2.9978e-05 -9.32062e-14)
0.07 173.922 2080.87 -0.000105393 2080.87 (3.76037e-10 2.99775e-05 -1.55005e-13)
0.08 198.807 2376.41 -0.000124248 2376.41 (4.29555e-10 2.99769e-05 -2.02582e-13)
0.09 223.657 2671.33 -0.000122713 2671.34 (4.83021e-10 2.99764e-05 -2.29785e-13)
0.1 248.466 2965.58 -0.000107251 2965.58 (5.36435e-10 2.99758e-05 -2.29469e-13)
0.11 273.229 3259.08 -9.44075e-05 3259.09 (5.89795e-10 2.99753e-05 -2.16935e-13)
0.12 297.94 3551.79 -8.47088e-05 3551.8 (6.431e-10 2.99747e-05 -1.98451e-13)
0.13 322.587 3843.59 -7.37822e-05 3843.6 (6.9634e-10 2.99741e-05 -1.73729e-13)
0.14 347.008 4132.49 -7.79689e-05 4132.5 (7.4916e-10 2.99736e-05 -1.43959e-13)
0.15 371.286 4419.6 -5.38852e-05 4419.61 (8.0177e-10 2.9973e-05 -1.02079e-13)
0.16 395.364 4704.19 -3.7954e-05 4704.21 (8.54046e-10 2.99725e-05 -6.20729e-14)
0.17 419.189 4985.68 -3.21657e-05 4985.7 (9.05886e-10 2.9972e-05 -2.70171e-14)
0.18 442.749 5263.94 -2.7563e-05 5263.96 (9.57273e-10 2.99714e-05 2.98182e-15)
0.19 465.968 5538.1 -7.09503e-06 5538.12 (1.00805e-09 2.99709e-05 2.45142e-14)
0.2 488.751 5807.04 2.67799e-05 5807.07 (1.05802e-09 2.99704e-05 4.32844e-14)
0.21 511.021 6069.91 2.7709e-05 6069.94 (1.10702e-09 2.99699e-05 4.43201e-14)
0.22 532.579 6324.36 9.19668e-06 6324.39 (1.15461e-09 2.99694e-05 2.59161e-14)
0.23 553.071 6566.25 1.05888e-05 6566.29 (1.20001e-09 2.99689e-05 -5.94127e-15)
0.24 571.053 6778.04 -2.3589e-05 6778.07 (1.23989e-09 2.99685e-05 -4.71433e-14)
0.25 472.692 5567.61 0.0011877 5567.64 (1.01907e-09 2.99708e-05 -1.90977e-12)
0.26 378.064 4444.53 -0.000656289 4444.55 (8.13504e-10 2.99729e-05 -7.85877e-13)
0.27 317.423 3736.77 0.000321795 3736.78 (6.83894e-10 2.99743e-05 1.14594e-12)
0.28 278.408 3280.47 0.000325492 3280.48 (6.00354e-10 2.99751e-05 9.40826e-13)
0.29 250.109 2947.61 -8.12384e-05 2947.62 (5.3947e-10 2.99757e-05 6.70571e-13)
0.3 228.219 2691.69 0.000139675 2691.69 (4.92801e-10 2.99762e-05 5.40024e-13)
0.31 210.477 2488.07 6.32181e-05 2488.08 (4.55873e-10 2.99766e-05 3.72302e-13)
0.32 195.583 2321.95 5.43101e-05 2321.95 (4.25953e-10 2.9977e-05 2.60583e-13)
0.33 182.749 2183.47 4.52818e-05 2183.47 (4.01188e-10 2.99772e-05 1.74824e-13)
0.34 171.5 2065.84 3.87411e-05 2065.85 (3.80276e-10 2.99775e-05 1.06688e-13)
0.35 161.543 1964.27 3.17762e-05 1964.27 (3.6228e-10 2.99777e-05 5.28922e-14)
0.36 152.706 1875.44 2.48482e-05 1875.45 (3.46556e-10 2.99779e-05 1.34753e-14)
0.37 144.853 1796.74 2.28855e-05 1796.74 (3.32593e-10 2.99781e-05 -1.30831e-14)
0.38 137.898 1726.38 2.2265e-05 1726.38 (3.20051e-10 2.99782e-05 -3.05675e-14)
0.39 131.746 1662.79 2.46488e-05 1662.79 (3.08633e-10 2.99784e-05 -4.09908e-14)
0.4 126.327 1604.92 2.4021e-05 1604.93 (2.98152e-10 2.99785e-05 -4.66549e-14)
0.41 121.575 1551.97 2.20486e-05 1551.97 (2.88463e-10 2.99786e-05 -4.8597e-14)
0.42 117.426 1503.26 2.28528e-05 1503.26 (2.79451e-10 2.99787e-05 -4.73525e-14)
0.43 113.816 1458.23 2.27041e-05 1458.23 (2.71024e-10 2.99788e-05 -4.44454e-14)
0.44 110.689 1416.42 2.37677e-05 1416.42 (2.63106e-10 2.99788e-05 -4.05176e-14)
0.45 107.99 1377.46 2.27391e-05 1377.46 (2.5564e-10 2.99789e-05 -3.60033e-14)
0.46 105.673 1341.03 3.13443e-05 1341.03 (2.48575e-10 2.99789e-05 -3.10302e-14)
0.47 103.694 1306.86 2.47803e-05 1306.86 (2.41873e-10 2.9979e-05 -2.55032e-14)
0.48 102.014 1274.73 3.37299e-05 1274.73 (2.35498e-10 2.9979e-05 -2.07225e-14)
0.49 100.6 1244.44 3.30634e-05 1244.45 (2.29423e-10 2.99791e-05 -1.64611e-14)
0.5 99.4218 1215.84 3.42567e-05 1215.84 (2.23622e-10 2.99791e-05 -1.24006e-14)
0.51 98.453 1188.76 2.69612e-05 1188.76 (2.18075e-10 2.99791e-05 -8.68738e-15)
0.52 97.6705 1163.09 3.48406e-05 1163.09 (2.12761e-10 2.99791e-05 -5.98134e-15)
0.53 97.0542 1138.7 3.49968e-05 1138.71 (2.07665e-10 2.99792e-05 -4.01347e-15)
0.54 96.5863 1115.51 3.64022e-05 1115.52 (2.02771e-10 2.99792e-05 -2.42138e-15)
0.55 96.2512 1093.43 3.58235e-05 1093.43 (1.98067e-10 2.99792e-05 -5.86581e-16)
0.56 96.0352 1072.37 3.8978e-05 1072.37 (1.93539e-10 2.99792e-05 1.17018e-15)
0.57 95.9263 1052.25 4.10982e-05 1052.26 (1.89177e-10 2.99792e-05 1.57668e-15)
0.58 95.9138 1033.03 3.09657e-05 1033.03 (1.84971e-10 2.99792e-05 7.32383e-16)
0.59 95.9883 1014.64 3.33194e-05 1014.64 (1.80911e-10 2.99792e-05 -7.74584e-16)
0.6 96.1415 997.015 4.26279e-05 997.016 (1.7699e-10 2.99792e-05 -2.32687e-15)
0.61 96.3658 980.122 3.8926e-05 980.123 (1.73199e-10 2.99792e-05 -3.64739e-15)
0.62 96.6547 963.91 4.02225e-05 963.911 (1.69532e-10 2.99792e-05 -4.56966e-15)
0.63 97.0022 948.339 4.16692e-05 948.34 (1.65981e-10 2.99792e-05 -4.58729e-15)
0.64 97.4031 933.372 4.63889e-05 933.373 (1.62541e-10 2.99792e-05 -3.52003e-15)
0.65 97.8525 918.975 4.9745e-05 918.976 (1.59206e-10 2.99792e-05 -1.67086e-15)
