/*--------------------------------*- C++ -*----------------------------------*\
| =========                 |                                                 |
| \\      /  F ield         | foam-extend: Open Source CFD                    |
|  \\    /   O peration     | Version:     4.0                                |
|   \\  /    A nd           | Web:         http://www.foam-extend.org         |
|    \\/     M anipulation  |                                                 |
\*---------------------------------------------------------------------------*/
FoamFile
{
    version     2.0;
    format      ascii;
    class       faceList;
    location    "constant/polyMesh";
    object      faces;
}
// * * * * * * * * * * * * * * * * * * * * * * * * * * * * * * * * * * * * * //


2555
(
4(1 9 73 65)
4(8 72 73 9)
4(64 65 73 72)
4(2 10 74 66)
4(9 73 74 10)
4(65 66 74 73)
4(3 11 75 67)
4(10 74 75 11)
4(66 67 75 74)
4(4 12 76 68)
4(11 75 76 12)
4(67 68 76 75)
4(5 13 77 69)
4(12 76 77 13)
4(68 69 77 76)
4(6 14 78 70)
4(13 77 78 14)
4(69 70 78 77)
4(14 78 79 15)
4(70 71 79 78)
4(7 15 79 71)
4(9 17 81 73)
4(16 80 81 17)
4(72 73 81 80)
4(10 18 82 74)
4(17 81 82 18)
4(73 74 82 81)
4(11 19 83 75)
4(18 82 83 19)
4(74 75 83 82)
4(12 20 84 76)
4(19 83 84 20)
4(75 76 84 83)
4(13 21 85 77)
4(20 84 85 21)
4(76 77 85 84)
4(14 22 86 78)
4(21 85 86 22)
4(77 78 86 85)
4(22 86 87 23)
4(78 79 87 86)
4(15 23 87 79)
4(17 25 89 81)
4(24 88 89 25)
4(80 81 89 88)
4(18 26 90 82)
4(25 89 90 26)
4(81 82 90 89)
4(19 27 91 83)
4(26 90 91 27)
4(82 83 91 90)
4(20 28 92 84)
4(27 91 92 28)
4(83 84 92 91)
4(21 29 93 85)
4(28 92 93 29)
4(84 85 93 92)
4(22 30 94 86)
4(29 93 94 30)
4(85 86 94 93)
4(30 94 95 31)
4(86 87 95 94)
4(23 31 95 87)
4(25 33 97 89)
4(32 96 97 33)
4(88 89 97 96)
4(26 34 98 90)
4(33 97 98 34)
4(89 90 98 97)
4(27 35 99 91)
4(34 98 99 35)
4(90 91 99 98)
4(28 36 100 92)
4(35 99 100 36)
4(91 92 100 99)
4(29 37 101 93)
4(36 100 101 37)
4(92 93 101 100)
4(30 38 102 94)
4(37 101 102 38)
4(93 94 102 101)
4(38 102 103 39)
4(94 95 103 102)
4(31 39 103 95)
4(33 41 105 97)
4(40 104 105 41)
4(96 97 105 104)
4(34 42 106 98)
4(41 105 106 42)
4(97 98 106 105)
4(35 43 107 99)
4(42 106 107 43)
4(98 99 107 106)
4(36 44 108 100)
4(43 107 108 44)
4(99 100 108 107)
4(37 45 109 101)
4(44 108 109 45)
4(100 101 109 108)
4(38 46 110 102)
4(45 109 110 46)
4(101 102 110 109)
4(46 110 111 47)
4(102 103 111 110)
4(39 47 111 103)
4(41 49 113 105)
4(48 112 113 49)
4(104 105 113 112)
4(42 50 114 106)
4(49 113 114 50)
4(105 106 114 113)
4(43 51 115 107)
4(50 114 115 51)
4(106 107 115 114)
4(44 52 116 108)
4(51 115 116 52)
4(107 108 116 115)
4(45 53 117 109)
4(52 116 117 53)
4(108 109 117 116)
4(46 54 118 110)
4(53 117 118 54)
4(109 110 118 117)
4(54 118 119 55)
4(110 111 119 118)
4(47 55 119 111)
4(49 57 121 113)
4(112 113 121 120)
4(56 120 121 57)
4(50 58 122 114)
4(113 114 122 121)
4(57 121 122 58)
4(51 59 123 115)
4(114 115 123 122)
4(58 122 123 59)
4(52 60 124 116)
4(115 116 124 123)
4(59 123 124 60)
4(53 61 125 117)
4(116 117 125 124)
4(60 124 125 61)
4(54 62 126 118)
4(117 118 126 125)
4(61 125 126 62)
4(118 119 127 126)
4(55 63 127 119)
4(62 126 127 63)
4(65 73 137 129)
4(72 136 137 73)
4(128 129 137 136)
4(66 74 138 130)
4(73 137 138 74)
4(129 130 138 137)
4(67 75 139 131)
4(74 138 139 75)
4(130 131 139 138)
4(68 76 140 132)
4(75 139 140 76)
4(131 132 140 139)
4(69 77 141 133)
4(76 140 141 77)
4(132 133 141 140)
4(70 78 142 134)
4(77 141 142 78)
4(133 134 142 141)
4(78 142 143 79)
4(134 135 143 142)
4(71 79 143 135)
4(73 81 145 137)
4(80 144 145 81)
4(136 137 145 144)
4(74 82 146 138)
4(81 145 146 82)
4(137 138 146 145)
4(75 83 147 139)
4(82 146 147 83)
4(138 139 147 146)
4(76 84 148 140)
4(83 147 148 84)
4(139 140 148 147)
4(77 85 149 141)
4(84 148 149 85)
4(140 141 149 148)
4(78 86 150 142)
4(85 149 150 86)
4(141 142 150 149)
4(86 150 151 87)
4(142 143 151 150)
4(79 87 151 143)
4(81 89 153 145)
4(88 152 153 89)
4(144 145 153 152)
4(82 90 154 146)
4(89 153 154 90)
4(145 146 154 153)
4(83 91 155 147)
4(90 154 155 91)
4(146 147 155 154)
4(84 92 156 148)
4(91 155 156 92)
4(147 148 156 155)
4(85 93 157 149)
4(92 156 157 93)
4(148 149 157 156)
4(86 94 158 150)
4(93 157 158 94)
4(149 150 158 157)
4(94 158 159 95)
4(150 151 159 158)
4(87 95 159 151)
4(89 97 161 153)
4(96 160 161 97)
4(152 153 161 160)
4(90 98 162 154)
4(97 161 162 98)
4(153 154 162 161)
4(91 99 163 155)
4(98 162 163 99)
4(154 155 163 162)
4(92 100 164 156)
4(99 163 164 100)
4(155 156 164 163)
4(93 101 165 157)
4(100 164 165 101)
4(156 157 165 164)
4(94 102 166 158)
4(101 165 166 102)
4(157 158 166 165)
4(102 166 167 103)
4(158 159 167 166)
4(95 103 167 159)
4(97 105 169 161)
4(104 168 169 105)
4(160 161 169 168)
4(98 106 170 162)
4(105 169 170 106)
4(161 162 170 169)
4(99 107 171 163)
4(106 170 171 107)
4(162 163 171 170)
4(100 108 172 164)
4(107 171 172 108)
4(163 164 172 171)
4(101 109 173 165)
4(108 172 173 109)
4(164 165 173 172)
4(102 110 174 166)
4(109 173 174 110)
4(165 166 174 173)
4(110 174 175 111)
4(166 167 175 174)
4(103 111 175 167)
4(105 113 177 169)
4(112 176 177 113)
4(168 169 177 176)
4(106 114 178 170)
4(113 177 178 114)
4(169 170 178 177)
4(107 115 179 171)
4(114 178 179 115)
4(170 171 179 178)
4(108 116 180 172)
4(115 179 180 116)
4(171 172 180 179)
4(109 117 181 173)
4(116 180 181 117)
4(172 173 181 180)
4(110 118 182 174)
4(117 181 182 118)
4(173 174 182 181)
4(118 182 183 119)
4(174 175 183 182)
4(111 119 183 175)
4(113 121 185 177)
4(176 177 185 184)
4(120 184 185 121)
4(114 122 186 178)
4(177 178 186 185)
4(121 185 186 122)
4(115 123 187 179)
4(178 179 187 186)
4(122 186 187 123)
4(116 124 188 180)
4(179 180 188 187)
4(123 187 188 124)
4(117 125 189 181)
4(180 181 189 188)
4(124 188 189 125)
4(118 126 190 182)
4(181 182 190 189)
4(125 189 190 126)
4(182 183 191 190)
4(119 127 191 183)
4(126 190 191 127)
4(129 137 201 193)
4(136 200 201 137)
4(130 138 202 194)
4(137 201 202 138)
4(131 139 203 195)
4(138 202 203 139)
4(132 140 204 196)
4(139 203 204 140)
4(133 141 205 197)
4(140 204 205 141)
4(134 142 206 198)
4(141 205 206 142)
4(142 206 207 143)
4(135 143 207 199)
4(137 145 209 201)
4(144 208 209 145)
4(138 146 210 202)
4(145 209 210 146)
4(139 147 211 203)
4(146 210 211 147)
4(140 148 212 204)
4(147 211 212 148)
4(141 149 213 205)
4(148 212 213 149)
4(142 150 214 206)
4(149 213 214 150)
4(150 214 215 151)
4(143 151 215 207)
4(145 153 217 209)
4(152 216 217 153)
4(146 154 218 210)
4(153 217 218 154)
4(147 155 219 211)
4(154 218 219 155)
4(148 156 220 212)
4(155 219 220 156)
4(149 157 221 213)
4(156 220 221 157)
4(150 158 222 214)
4(157 221 222 158)
4(158 222 223 159)
4(151 159 223 215)
4(153 161 225 217)
4(160 224 225 161)
4(154 162 226 218)
4(161 225 226 162)
4(155 163 227 219)
4(162 226 227 163)
4(156 164 228 220)
4(163 227 228 164)
4(157 165 229 221)
4(164 228 229 165)
4(158 166 230 222)
4(165 229 230 166)
4(166 230 231 167)
4(159 167 231 223)
4(161 169 233 225)
4(168 232 233 169)
4(162 170 234 226)
4(169 233 234 170)
4(163 171 235 227)
4(170 234 235 171)
4(164 172 236 228)
4(171 235 236 172)
4(165 173 237 229)
4(172 236 237 173)
4(166 174 238 230)
4(173 237 238 174)
4(174 238 239 175)
4(167 175 239 231)
4(169 177 241 233)
4(176 240 241 177)
4(170 178 242 234)
4(177 241 242 178)
4(171 179 243 235)
4(178 242 243 179)
4(172 180 244 236)
4(179 243 244 180)
4(173 181 245 237)
4(180 244 245 181)
4(174 182 246 238)
4(181 245 246 182)
4(182 246 247 183)
4(175 183 247 239)
4(177 185 249 241)
4(184 248 249 185)
4(178 186 250 242)
4(185 249 250 186)
4(179 187 251 243)
4(186 250 251 187)
4(180 188 252 244)
4(187 251 252 188)
4(181 189 253 245)
4(188 252 253 189)
4(182 190 254 246)
4(189 253 254 190)
4(183 191 255 247)
4(190 254 255 191)
4(256 263 319 312)
4(15 79 319 263)
4(71 312 319 79)
4(257 264 320 313)
4(263 319 320 264)
4(312 313 320 319)
4(258 265 321 314)
4(264 320 321 265)
4(313 314 321 320)
4(259 266 322 315)
4(265 321 322 266)
4(314 315 322 321)
4(260 267 323 316)
4(266 322 323 267)
4(315 316 323 322)
4(261 268 324 317)
4(267 323 324 268)
4(316 317 324 323)
4(268 324 325 269)
4(317 318 325 324)
4(263 270 326 319)
4(23 87 326 270)
4(79 319 326 87)
4(264 271 327 320)
4(270 326 327 271)
4(319 320 327 326)
4(265 272 328 321)
4(271 327 328 272)
4(320 321 328 327)
4(266 273 329 322)
4(272 328 329 273)
4(321 322 329 328)
4(267 274 330 323)
4(273 329 330 274)
4(322 323 330 329)
4(268 275 331 324)
4(274 330 331 275)
4(323 324 331 330)
4(275 331 332 276)
4(324 325 332 331)
4(270 277 333 326)
4(31 95 333 277)
4(87 326 333 95)
4(271 278 334 327)
4(277 333 334 278)
4(326 327 334 333)
4(272 279 335 328)
4(278 334 335 279)
4(327 328 335 334)
4(273 280 336 329)
4(279 335 336 280)
4(328 329 336 335)
4(274 281 337 330)
4(280 336 337 281)
4(329 330 337 336)
4(275 282 338 331)
4(281 337 338 282)
4(330 331 338 337)
4(282 338 339 283)
4(331 332 339 338)
4(277 284 340 333)
4(39 103 340 284)
4(95 333 340 103)
4(278 285 341 334)
4(284 340 341 285)
4(333 334 341 340)
4(279 286 342 335)
4(285 341 342 286)
4(334 335 342 341)
4(280 287 343 336)
4(286 342 343 287)
4(335 336 343 342)
4(281 288 344 337)
4(287 343 344 288)
4(336 337 344 343)
4(282 289 345 338)
4(288 344 345 289)
4(337 338 345 344)
4(289 345 346 290)
4(338 339 346 345)
4(284 291 347 340)
4(47 111 347 291)
4(103 340 347 111)
4(285 292 348 341)
4(291 347 348 292)
4(340 341 348 347)
4(286 293 349 342)
4(292 348 349 293)
4(341 342 349 348)
4(287 294 350 343)
4(293 349 350 294)
4(342 343 350 349)
4(288 295 351 344)
4(294 350 351 295)
4(343 344 351 350)
4(289 296 352 345)
4(295 351 352 296)
4(344 345 352 351)
4(296 352 353 297)
4(345 346 353 352)
4(291 298 354 347)
4(55 119 354 298)
4(111 347 354 119)
4(292 299 355 348)
4(298 354 355 299)
4(347 348 355 354)
4(293 300 356 349)
4(299 355 356 300)
4(348 349 356 355)
4(294 301 357 350)
4(300 356 357 301)
4(349 350 357 356)
4(295 302 358 351)
4(301 357 358 302)
4(350 351 358 357)
4(296 303 359 352)
4(302 358 359 303)
4(351 352 359 358)
4(303 359 360 304)
4(352 353 360 359)
4(298 305 361 354)
4(119 354 361 127)
4(63 127 361 305)
4(299 306 362 355)
4(354 355 362 361)
4(305 361 362 306)
4(300 307 363 356)
4(355 356 363 362)
4(306 362 363 307)
4(301 308 364 357)
4(356 357 364 363)
4(307 363 364 308)
4(302 309 365 358)
4(357 358 365 364)
4(308 364 365 309)
4(303 310 366 359)
4(358 359 366 365)
4(309 365 366 310)
4(359 360 367 366)
4(310 366 367 311)
4(312 319 375 368)
4(79 143 375 319)
4(135 368 375 143)
4(313 320 376 369)
4(319 375 376 320)
4(368 369 376 375)
4(314 321 377 370)
4(320 376 377 321)
4(369 370 377 376)
4(315 322 378 371)
4(321 377 378 322)
4(370 371 378 377)
4(316 323 379 372)
4(322 378 379 323)
4(371 372 379 378)
4(317 324 380 373)
4(323 379 380 324)
4(372 373 380 379)
4(324 380 381 325)
4(373 374 381 380)
4(319 326 382 375)
4(87 151 382 326)
4(143 375 382 151)
4(320 327 383 376)
4(326 382 383 327)
4(375 376 383 382)
4(321 328 384 377)
4(327 383 384 328)
4(376 377 384 383)
4(322 329 385 378)
4(328 384 385 329)
4(377 378 385 384)
4(323 330 386 379)
4(329 385 386 330)
4(378 379 386 385)
4(324 331 387 380)
4(330 386 387 331)
4(379 380 387 386)
4(331 387 388 332)
4(380 381 388 387)
4(326 333 389 382)
4(95 159 389 333)
4(151 382 389 159)
4(327 334 390 383)
4(333 389 390 334)
4(382 383 390 389)
4(328 335 391 384)
4(334 390 391 335)
4(383 384 391 390)
4(329 336 392 385)
4(335 391 392 336)
4(384 385 392 391)
4(330 337 393 386)
4(336 392 393 337)
4(385 386 393 392)
4(331 338 394 387)
4(337 393 394 338)
4(386 387 394 393)
4(338 394 395 339)
4(387 388 395 394)
4(333 340 396 389)
4(103 167 396 340)
4(159 389 396 167)
4(334 341 397 390)
4(340 396 397 341)
4(389 390 397 396)
4(335 342 398 391)
4(341 397 398 342)
4(390 391 398 397)
4(336 343 399 392)
4(342 398 399 343)
4(391 392 399 398)
4(337 344 400 393)
4(343 399 400 344)
4(392 393 400 399)
4(338 345 401 394)
4(344 400 401 345)
4(393 394 401 400)
4(345 401 402 346)
4(394 395 402 401)
4(340 347 403 396)
4(111 175 403 347)
4(167 396 403 175)
4(341 348 404 397)
4(347 403 404 348)
4(396 397 404 403)
4(342 349 405 398)
4(348 404 405 349)
4(397 398 405 404)
4(343 350 406 399)
4(349 405 406 350)
4(398 399 406 405)
4(344 351 407 400)
4(350 406 407 351)
4(399 400 407 406)
4(345 352 408 401)
4(351 407 408 352)
4(400 401 408 407)
4(352 408 409 353)
4(401 402 409 408)
4(347 354 410 403)
4(119 183 410 354)
4(175 403 410 183)
4(348 355 411 404)
4(354 410 411 355)
4(403 404 411 410)
4(349 356 412 405)
4(355 411 412 356)
4(404 405 412 411)
4(350 357 413 406)
4(356 412 413 357)
4(405 406 413 412)
4(351 358 414 407)
4(357 413 414 358)
4(406 407 414 413)
4(352 359 415 408)
4(358 414 415 359)
4(407 408 415 414)
4(359 415 416 360)
4(408 409 416 415)
4(354 361 417 410)
4(183 410 417 191)
4(127 191 417 361)
4(355 362 418 411)
4(410 411 418 417)
4(361 417 418 362)
4(356 363 419 412)
4(411 412 419 418)
4(362 418 419 363)
4(357 364 420 413)
4(412 413 420 419)
4(363 419 420 364)
4(358 365 421 414)
4(413 414 421 420)
4(364 420 421 365)
4(359 366 422 415)
4(414 415 422 421)
4(365 421 422 366)
4(415 416 423 422)
4(366 422 423 367)
4(368 375 431 424)
4(143 207 431 375)
4(369 376 432 425)
4(375 431 432 376)
4(370 377 433 426)
4(376 432 433 377)
4(371 378 434 427)
4(377 433 434 378)
4(372 379 435 428)
4(378 434 435 379)
4(373 380 436 429)
4(379 435 436 380)
4(380 436 437 381)
4(375 382 438 431)
4(151 215 438 382)
4(376 383 439 432)
4(382 438 439 383)
4(377 384 440 433)
4(383 439 440 384)
4(378 385 441 434)
4(384 440 441 385)
4(379 386 442 435)
4(385 441 442 386)
4(380 387 443 436)
4(386 442 443 387)
4(387 443 444 388)
4(382 389 445 438)
4(159 223 445 389)
4(383 390 446 439)
4(389 445 446 390)
4(384 391 447 440)
4(390 446 447 391)
4(385 392 448 441)
4(391 447 448 392)
4(386 393 449 442)
4(392 448 449 393)
4(387 394 450 443)
4(393 449 450 394)
4(394 450 451 395)
4(389 396 452 445)
4(167 231 452 396)
4(390 397 453 446)
4(396 452 453 397)
4(391 398 454 447)
4(397 453 454 398)
4(392 399 455 448)
4(398 454 455 399)
4(393 400 456 449)
4(399 455 456 400)
4(394 401 457 450)
4(400 456 457 401)
4(401 457 458 402)
4(396 403 459 452)
4(175 239 459 403)
4(397 404 460 453)
4(403 459 460 404)
4(398 405 461 454)
4(404 460 461 405)
4(399 406 462 455)
4(405 461 462 406)
4(400 407 463 456)
4(406 462 463 407)
4(401 408 464 457)
4(407 463 464 408)
4(408 464 465 409)
4(403 410 466 459)
4(183 247 466 410)
4(404 411 467 460)
4(410 466 467 411)
4(405 412 468 461)
4(411 467 468 412)
4(406 413 469 462)
4(412 468 469 413)
4(407 414 470 463)
4(413 469 470 414)
4(408 415 471 464)
4(414 470 471 415)
4(415 471 472 416)
4(410 417 473 466)
4(191 255 473 417)
4(411 418 474 467)
4(417 473 474 418)
4(412 419 475 468)
4(418 474 475 419)
4(413 420 476 469)
4(419 475 476 420)
4(414 421 477 470)
4(420 476 477 421)
4(415 422 478 471)
4(421 477 478 422)
4(422 478 479 423)
4(480 487 543 536)
4(310 366 543 487)
4(367 536 543 366)
4(481 488 544 537)
4(487 543 544 488)
4(536 537 544 543)
4(482 489 545 538)
4(488 544 545 489)
4(537 538 545 544)
4(483 490 546 539)
4(489 545 546 490)
4(538 539 546 545)
4(484 491 547 540)
4(490 546 547 491)
4(539 540 547 546)
4(485 492 548 541)
4(491 547 548 492)
4(540 541 548 547)
4(492 548 549 493)
4(541 542 549 548)
4(487 494 550 543)
4(309 365 550 494)
4(366 543 550 365)
4(488 495 551 544)
4(494 550 551 495)
4(543 544 551 550)
4(489 496 552 545)
4(495 551 552 496)
4(544 545 552 551)
4(490 497 553 546)
4(496 552 553 497)
4(545 546 553 552)
4(491 498 554 547)
4(497 553 554 498)
4(546 547 554 553)
4(492 499 555 548)
4(498 554 555 499)
4(547 548 555 554)
4(499 555 556 500)
4(548 549 556 555)
4(494 501 557 550)
4(308 364 557 501)
4(365 550 557 364)
4(495 502 558 551)
4(501 557 558 502)
4(550 551 558 557)
4(496 503 559 552)
4(502 558 559 503)
4(551 552 559 558)
4(497 504 560 553)
4(503 559 560 504)
4(552 553 560 559)
4(498 505 561 554)
4(504 560 561 505)
4(553 554 561 560)
4(499 506 562 555)
4(505 561 562 506)
4(554 555 562 561)
4(506 562 563 507)
4(555 556 563 562)
4(501 508 564 557)
4(307 363 564 508)
4(364 557 564 363)
4(502 509 565 558)
4(508 564 565 509)
4(557 558 565 564)
4(503 510 566 559)
4(509 565 566 510)
4(558 559 566 565)
4(504 511 567 560)
4(510 566 567 511)
4(559 560 567 566)
4(505 512 568 561)
4(511 567 568 512)
4(560 561 568 567)
4(506 513 569 562)
4(512 568 569 513)
4(561 562 569 568)
4(513 569 570 514)
4(562 563 570 569)
4(508 515 571 564)
4(306 362 571 515)
4(363 564 571 362)
4(509 516 572 565)
4(515 571 572 516)
4(564 565 572 571)
4(510 517 573 566)
4(516 572 573 517)
4(565 566 573 572)
4(511 518 574 567)
4(517 573 574 518)
4(566 567 574 573)
4(512 519 575 568)
4(518 574 575 519)
4(567 568 575 574)
4(513 520 576 569)
4(519 575 576 520)
4(568 569 576 575)
4(520 576 577 521)
4(569 570 577 576)
4(515 522 578 571)
4(305 361 578 522)
4(362 571 578 361)
4(516 523 579 572)
4(522 578 579 523)
4(571 572 579 578)
4(517 524 580 573)
4(523 579 580 524)
4(572 573 580 579)
4(518 525 581 574)
4(524 580 581 525)
4(573 574 581 580)
4(519 526 582 575)
4(525 581 582 526)
4(574 575 582 581)
4(520 527 583 576)
4(526 582 583 527)
4(575 576 583 582)
4(527 583 584 528)
4(576 577 584 583)
4(522 529 585 578)
4(361 578 585 127)
4(63 127 585 529)
4(523 530 586 579)
4(578 579 586 585)
4(529 585 586 530)
4(524 531 587 580)
4(579 580 587 586)
4(530 586 587 531)
4(525 532 588 581)
4(580 581 588 587)
4(531 587 588 532)
4(526 533 589 582)
4(581 582 589 588)
4(532 588 589 533)
4(527 534 590 583)
4(582 583 590 589)
4(533 589 590 534)
4(583 584 591 590)
4(534 590 591 535)
4(536 543 599 592)
4(366 422 599 543)
4(423 592 599 422)
4(537 544 600 593)
4(543 599 600 544)
4(592 593 600 599)
4(538 545 601 594)
4(544 600 601 545)
4(593 594 601 600)
4(539 546 602 595)
4(545 601 602 546)
4(594 595 602 601)
4(540 547 603 596)
4(546 602 603 547)
4(595 596 603 602)
4(541 548 604 597)
4(547 603 604 548)
4(596 597 604 603)
4(548 604 605 549)
4(597 598 605 604)
4(543 550 606 599)
4(365 421 606 550)
4(422 599 606 421)
4(544 551 607 600)
4(550 606 607 551)
4(599 600 607 606)
4(545 552 608 601)
4(551 607 608 552)
4(600 601 608 607)
4(546 553 609 602)
4(552 608 609 553)
4(601 602 609 608)
4(547 554 610 603)
4(553 609 610 554)
4(602 603 610 609)
4(548 555 611 604)
4(554 610 611 555)
4(603 604 611 610)
4(555 611 612 556)
4(604 605 612 611)
4(550 557 613 606)
4(364 420 613 557)
4(421 606 613 420)
4(551 558 614 607)
4(557 613 614 558)
4(606 607 614 613)
4(552 559 615 608)
4(558 614 615 559)
4(607 608 615 614)
4(553 560 616 609)
4(559 615 616 560)
4(608 609 616 615)
4(554 561 617 610)
4(560 616 617 561)
4(609 610 617 616)
4(555 562 618 611)
4(561 617 618 562)
4(610 611 618 617)
4(562 618 619 563)
4(611 612 619 618)
4(557 564 620 613)
4(363 419 620 564)
4(420 613 620 419)
4(558 565 621 614)
4(564 620 621 565)
4(613 614 621 620)
4(559 566 622 615)
4(565 621 622 566)
4(614 615 622 621)
4(560 567 623 616)
4(566 622 623 567)
4(615 616 623 622)
4(561 568 624 617)
4(567 623 624 568)
4(616 617 624 623)
4(562 569 625 618)
4(568 624 625 569)
4(617 618 625 624)
4(569 625 626 570)
4(618 619 626 625)
4(564 571 627 620)
4(362 418 627 571)
4(419 620 627 418)
4(565 572 628 621)
4(571 627 628 572)
4(620 621 628 627)
4(566 573 629 622)
4(572 628 629 573)
4(621 622 629 628)
4(567 574 630 623)
4(573 629 630 574)
4(622 623 630 629)
4(568 575 631 624)
4(574 630 631 575)
4(623 624 631 630)
4(569 576 632 625)
4(575 631 632 576)
4(624 625 632 631)
4(576 632 633 577)
4(625 626 633 632)
4(571 578 634 627)
4(361 417 634 578)
4(418 627 634 417)
4(572 579 635 628)
4(578 634 635 579)
4(627 628 635 634)
4(573 580 636 629)
4(579 635 636 580)
4(628 629 636 635)
4(574 581 637 630)
4(580 636 637 581)
4(629 630 637 636)
4(575 582 638 631)
4(581 637 638 582)
4(630 631 638 637)
4(576 583 639 632)
4(582 638 639 583)
4(631 632 639 638)
4(583 639 640 584)
4(632 633 640 639)
4(578 585 641 634)
4(417 634 641 191)
4(127 191 641 585)
4(579 586 642 635)
4(634 635 642 641)
4(585 641 642 586)
4(580 587 643 636)
4(635 636 643 642)
4(586 642 643 587)
4(581 588 644 637)
4(636 637 644 643)
4(587 643 644 588)
4(582 589 645 638)
4(637 638 645 644)
4(588 644 645 589)
4(583 590 646 639)
4(638 639 646 645)
4(589 645 646 590)
4(639 640 647 646)
4(590 646 647 591)
4(592 599 655 648)
4(422 478 655 599)
4(593 600 656 649)
4(599 655 656 600)
4(594 601 657 650)
4(600 656 657 601)
4(595 602 658 651)
4(601 657 658 602)
4(596 603 659 652)
4(602 658 659 603)
4(597 604 660 653)
4(603 659 660 604)
4(604 660 661 605)
4(599 606 662 655)
4(421 477 662 606)
4(600 607 663 656)
4(606 662 663 607)
4(601 608 664 657)
4(607 663 664 608)
4(602 609 665 658)
4(608 664 665 609)
4(603 610 666 659)
4(609 665 666 610)
4(604 611 667 660)
4(610 666 667 611)
4(611 667 668 612)
4(606 613 669 662)
4(420 476 669 613)
4(607 614 670 663)
4(613 669 670 614)
4(608 615 671 664)
4(614 670 671 615)
4(609 616 672 665)
4(615 671 672 616)
4(610 617 673 666)
4(616 672 673 617)
4(611 618 674 667)
4(617 673 674 618)
4(618 674 675 619)
4(613 620 676 669)
4(419 475 676 620)
4(614 621 677 670)
4(620 676 677 621)
4(615 622 678 671)
4(621 677 678 622)
4(616 623 679 672)
4(622 678 679 623)
4(617 624 680 673)
4(623 679 680 624)
4(618 625 681 674)
4(624 680 681 625)
4(625 681 682 626)
4(620 627 683 676)
4(418 474 683 627)
4(621 628 684 677)
4(627 683 684 628)
4(622 629 685 678)
4(628 684 685 629)
4(623 630 686 679)
4(629 685 686 630)
4(624 631 687 680)
4(630 686 687 631)
4(625 632 688 681)
4(631 687 688 632)
4(632 688 689 633)
4(627 634 690 683)
4(417 473 690 634)
4(628 635 691 684)
4(634 690 691 635)
4(629 636 692 685)
4(635 691 692 636)
4(630 637 693 686)
4(636 692 693 637)
4(631 638 694 687)
4(637 693 694 638)
4(632 639 695 688)
4(638 694 695 639)
4(639 695 696 640)
4(634 641 697 690)
4(191 255 697 641)
4(635 642 698 691)
4(641 697 698 642)
4(636 643 699 692)
4(642 698 699 643)
4(637 644 700 693)
4(643 699 700 644)
4(638 645 701 694)
4(644 700 701 645)
4(639 646 702 695)
4(645 701 702 646)
4(646 702 703 647)
4(529 705 761 585)
4(704 760 761 705)
4(127 585 761 760)
4(63 127 760 704)
4(530 706 762 586)
4(705 761 762 706)
4(585 586 762 761)
4(531 707 763 587)
4(706 762 763 707)
4(586 587 763 762)
4(532 708 764 588)
4(707 763 764 708)
4(587 588 764 763)
4(533 709 765 589)
4(708 764 765 709)
4(588 589 765 764)
4(534 710 766 590)
4(709 765 766 710)
4(589 590 766 765)
4(710 766 767 711)
4(590 591 767 766)
4(705 713 769 761)
4(712 768 769 713)
4(760 761 769 768)
4(704 760 768 712)
4(706 714 770 762)
4(713 769 770 714)
4(761 762 770 769)
4(707 715 771 763)
4(714 770 771 715)
4(762 763 771 770)
4(708 716 772 764)
4(715 771 772 716)
4(763 764 772 771)
4(709 717 773 765)
4(716 772 773 717)
4(764 765 773 772)
4(710 718 774 766)
4(717 773 774 718)
4(765 766 774 773)
4(718 774 775 719)
4(766 767 775 774)
4(713 721 777 769)
4(720 776 777 721)
4(768 769 777 776)
4(712 768 776 720)
4(714 722 778 770)
4(721 777 778 722)
4(769 770 778 777)
4(715 723 779 771)
4(722 778 779 723)
4(770 771 779 778)
4(716 724 780 772)
4(723 779 780 724)
4(771 772 780 779)
4(717 725 781 773)
4(724 780 781 725)
4(772 773 781 780)
4(718 726 782 774)
4(725 781 782 726)
4(773 774 782 781)
4(726 782 783 727)
4(774 775 783 782)
4(721 729 785 777)
4(728 784 785 729)
4(776 777 785 784)
4(720 776 784 728)
4(722 730 786 778)
4(729 785 786 730)
4(777 778 786 785)
4(723 731 787 779)
4(730 786 787 731)
4(778 779 787 786)
4(724 732 788 780)
4(731 787 788 732)
4(779 780 788 787)
4(725 733 789 781)
4(732 788 789 733)
4(780 781 789 788)
4(726 734 790 782)
4(733 789 790 734)
4(781 782 790 789)
4(734 790 791 735)
4(782 783 791 790)
4(729 737 793 785)
4(736 792 793 737)
4(784 785 793 792)
4(728 784 792 736)
4(730 738 794 786)
4(737 793 794 738)
4(785 786 794 793)
4(731 739 795 787)
4(738 794 795 739)
4(786 787 795 794)
4(732 740 796 788)
4(739 795 796 740)
4(787 788 796 795)
4(733 741 797 789)
4(740 796 797 741)
4(788 789 797 796)
4(734 742 798 790)
4(741 797 798 742)
4(789 790 798 797)
4(742 798 799 743)
4(790 791 799 798)
4(737 745 801 793)
4(744 800 801 745)
4(792 793 801 800)
4(736 792 800 744)
4(738 746 802 794)
4(745 801 802 746)
4(793 794 802 801)
4(739 747 803 795)
4(746 802 803 747)
4(794 795 803 802)
4(740 748 804 796)
4(747 803 804 748)
4(795 796 804 803)
4(741 749 805 797)
4(748 804 805 749)
4(796 797 805 804)
4(742 750 806 798)
4(749 805 806 750)
4(797 798 806 805)
4(750 806 807 751)
4(798 799 807 806)
4(745 753 809 801)
4(800 801 809 808)
4(744 800 808 752)
4(746 754 810 802)
4(801 802 810 809)
4(747 755 811 803)
4(802 803 811 810)
4(748 756 812 804)
4(803 804 812 811)
4(749 757 813 805)
4(804 805 813 812)
4(750 758 814 806)
4(805 806 814 813)
4(806 807 815 814)
4(585 761 817 641)
4(760 816 817 761)
4(191 641 817 816)
4(127 191 816 760)
4(586 762 818 642)
4(761 817 818 762)
4(641 642 818 817)
4(587 763 819 643)
4(762 818 819 763)
4(642 643 819 818)
4(588 764 820 644)
4(763 819 820 764)
4(643 644 820 819)
4(589 765 821 645)
4(764 820 821 765)
4(644 645 821 820)
4(590 766 822 646)
4(765 821 822 766)
4(645 646 822 821)
4(766 822 823 767)
4(646 647 823 822)
4(761 769 825 817)
4(768 824 825 769)
4(816 817 825 824)
4(760 816 824 768)
4(762 770 826 818)
4(769 825 826 770)
4(817 818 826 825)
4(763 771 827 819)
4(770 826 827 771)
4(818 819 827 826)
4(764 772 828 820)
4(771 827 828 772)
4(819 820 828 827)
4(765 773 829 821)
4(772 828 829 773)
4(820 821 829 828)
4(766 774 830 822)
4(773 829 830 774)
4(821 822 830 829)
4(774 830 831 775)
4(822 823 831 830)
4(769 777 833 825)
4(776 832 833 777)
4(824 825 833 832)
4(768 824 832 776)
4(770 778 834 826)
4(777 833 834 778)
4(825 826 834 833)
4(771 779 835 827)
4(778 834 835 779)
4(826 827 835 834)
4(772 780 836 828)
4(779 835 836 780)
4(827 828 836 835)
4(773 781 837 829)
4(780 836 837 781)
4(828 829 837 836)
4(774 782 838 830)
4(781 837 838 782)
4(829 830 838 837)
4(782 838 839 783)
4(830 831 839 838)
4(777 785 841 833)
4(784 840 841 785)
4(832 833 841 840)
4(776 832 840 784)
4(778 786 842 834)
4(785 841 842 786)
4(833 834 842 841)
4(779 787 843 835)
4(786 842 843 787)
4(834 835 843 842)
4(780 788 844 836)
4(787 843 844 788)
4(835 836 844 843)
4(781 789 845 837)
4(788 844 845 789)
4(836 837 845 844)
4(782 790 846 838)
4(789 845 846 790)
4(837 838 846 845)
4(790 846 847 791)
4(838 839 847 846)
4(785 793 849 841)
4(792 848 849 793)
4(840 841 849 848)
4(784 840 848 792)
4(786 794 850 842)
4(793 849 850 794)
4(841 842 850 849)
4(787 795 851 843)
4(794 850 851 795)
4(842 843 851 850)
4(788 796 852 844)
4(795 851 852 796)
4(843 844 852 851)
4(789 797 853 845)
4(796 852 853 797)
4(844 845 853 852)
4(790 798 854 846)
4(797 853 854 798)
4(845 846 854 853)
4(798 854 855 799)
4(846 847 855 854)
4(793 801 857 849)
4(800 856 857 801)
4(848 849 857 856)
4(792 848 856 800)
4(794 802 858 850)
4(801 857 858 802)
4(849 850 858 857)
4(795 803 859 851)
4(802 858 859 803)
4(850 851 859 858)
4(796 804 860 852)
4(803 859 860 804)
4(851 852 860 859)
4(797 805 861 853)
4(804 860 861 805)
4(852 853 861 860)
4(798 806 862 854)
4(805 861 862 806)
4(853 854 862 861)
4(806 862 863 807)
4(854 855 863 862)
4(801 809 865 857)
4(856 857 865 864)
4(800 856 864 808)
4(802 810 866 858)
4(857 858 866 865)
4(803 811 867 859)
4(858 859 867 866)
4(804 812 868 860)
4(859 860 868 867)
4(805 813 869 861)
4(860 861 869 868)
4(806 814 870 862)
4(861 862 870 869)
4(862 863 871 870)
4(641 817 873 697)
4(816 872 873 817)
4(191 255 872 816)
4(642 818 874 698)
4(817 873 874 818)
4(643 819 875 699)
4(818 874 875 819)
4(644 820 876 700)
4(819 875 876 820)
4(645 821 877 701)
4(820 876 877 821)
4(646 822 878 702)
4(821 877 878 822)
4(822 878 879 823)
4(817 825 881 873)
4(824 880 881 825)
4(816 872 880 824)
4(818 826 882 874)
4(825 881 882 826)
4(819 827 883 875)
4(826 882 883 827)
4(820 828 884 876)
4(827 883 884 828)
4(821 829 885 877)
4(828 884 885 829)
4(822 830 886 878)
4(829 885 886 830)
4(830 886 887 831)
4(825 833 889 881)
4(832 888 889 833)
4(824 880 888 832)
4(826 834 890 882)
4(833 889 890 834)
4(827 835 891 883)
4(834 890 891 835)
4(828 836 892 884)
4(835 891 892 836)
4(829 837 893 885)
4(836 892 893 837)
4(830 838 894 886)
4(837 893 894 838)
4(838 894 895 839)
4(833 841 897 889)
4(840 896 897 841)
4(832 888 896 840)
4(834 842 898 890)
4(841 897 898 842)
4(835 843 899 891)
4(842 898 899 843)
4(836 844 900 892)
4(843 899 900 844)
4(837 845 901 893)
4(844 900 901 845)
4(838 846 902 894)
4(845 901 902 846)
4(846 902 903 847)
4(841 849 905 897)
4(848 904 905 849)
4(840 896 904 848)
4(842 850 906 898)
4(849 905 906 850)
4(843 851 907 899)
4(850 906 907 851)
4(844 852 908 900)
4(851 907 908 852)
4(845 853 909 901)
4(852 908 909 853)
4(846 854 910 902)
4(853 909 910 854)
4(854 910 911 855)
4(849 857 913 905)
4(856 912 913 857)
4(848 904 912 856)
4(850 858 914 906)
4(857 913 914 858)
4(851 859 915 907)
4(858 914 915 859)
4(852 860 916 908)
4(859 915 916 860)
4(853 861 917 909)
4(860 916 917 861)
4(854 862 918 910)
4(861 917 918 862)
4(862 918 919 863)
4(857 865 921 913)
4(856 912 920 864)
4(858 866 922 914)
4(859 867 923 915)
4(860 868 924 916)
4(861 869 925 917)
4(862 870 926 918)
4(57 929 978 121)
4(928 977 978 929)
4(120 121 978 977)
4(58 930 979 122)
4(929 978 979 930)
4(121 122 979 978)
4(59 931 980 123)
4(930 979 980 931)
4(122 123 980 979)
4(60 932 981 124)
4(931 980 981 932)
4(123 124 981 980)
4(61 933 982 125)
4(932 981 982 933)
4(124 125 982 981)
4(62 934 983 126)
4(933 982 983 934)
4(125 126 983 982)
4(934 983 760 704)
4(126 127 760 983)
4(929 936 985 978)
4(935 984 985 936)
4(977 978 985 984)
4(930 937 986 979)
4(936 985 986 937)
4(978 979 986 985)
4(931 938 987 980)
4(937 986 987 938)
4(979 980 987 986)
4(932 939 988 981)
4(938 987 988 939)
4(980 981 988 987)
4(933 940 989 982)
4(939 988 989 940)
4(981 982 989 988)
4(934 941 990 983)
4(940 989 990 941)
4(982 983 990 989)
4(941 990 768 712)
4(983 760 768 990)
4(936 943 992 985)
4(942 991 992 943)
4(984 985 992 991)
4(937 944 993 986)
4(943 992 993 944)
4(985 986 993 992)
4(938 945 994 987)
4(944 993 994 945)
4(986 987 994 993)
4(939 946 995 988)
4(945 994 995 946)
4(987 988 995 994)
4(940 947 996 989)
4(946 995 996 947)
4(988 989 996 995)
4(941 948 997 990)
4(947 996 997 948)
4(989 990 997 996)
4(948 997 776 720)
4(990 768 776 997)
4(943 950 999 992)
4(949 998 999 950)
4(991 992 999 998)
4(944 951 1000 993)
4(950 999 1000 951)
4(992 993 1000 999)
4(945 952 1001 994)
4(951 1000 1001 952)
4(993 994 1001 1000)
4(946 953 1002 995)
4(952 1001 1002 953)
4(994 995 1002 1001)
4(947 954 1003 996)
4(953 1002 1003 954)
4(995 996 1003 1002)
4(948 955 1004 997)
4(954 1003 1004 955)
4(996 997 1004 1003)
4(955 1004 784 728)
4(997 776 784 1004)
4(950 957 1006 999)
4(956 1005 1006 957)
4(998 999 1006 1005)
4(951 958 1007 1000)
4(957 1006 1007 958)
4(999 1000 1007 1006)
4(952 959 1008 1001)
4(958 1007 1008 959)
4(1000 1001 1008 1007)
4(953 960 1009 1002)
4(959 1008 1009 960)
4(1001 1002 1009 1008)
4(954 961 1010 1003)
4(960 1009 1010 961)
4(1002 1003 1010 1009)
4(955 962 1011 1004)
4(961 1010 1011 962)
4(1003 1004 1011 1010)
4(962 1011 792 736)
4(1004 784 792 1011)
4(957 964 1013 1006)
4(963 1012 1013 964)
4(1005 1006 1013 1012)
4(958 965 1014 1007)
4(964 1013 1014 965)
4(1006 1007 1014 1013)
4(959 966 1015 1008)
4(965 1014 1015 966)
4(1007 1008 1015 1014)
4(960 967 1016 1009)
4(966 1015 1016 967)
4(1008 1009 1016 1015)
4(961 968 1017 1010)
4(967 1016 1017 968)
4(1009 1010 1017 1016)
4(962 969 1018 1011)
4(968 1017 1018 969)
4(1010 1011 1018 1017)
4(969 1018 800 744)
4(1011 792 800 1018)
4(964 971 1020 1013)
4(1012 1013 1020 1019)
4(965 972 1021 1014)
4(1013 1014 1021 1020)
4(966 973 1022 1015)
4(1014 1015 1022 1021)
4(967 974 1023 1016)
4(1015 1016 1023 1022)
4(968 975 1024 1017)
4(1016 1017 1024 1023)
4(969 976 1025 1018)
4(1017 1018 1025 1024)
4(1018 800 808 1025)
4(121 978 1027 185)
4(977 1026 1027 978)
4(184 185 1027 1026)
4(122 979 1028 186)
4(978 1027 1028 979)
4(185 186 1028 1027)
4(123 980 1029 187)
4(979 1028 1029 980)
4(186 187 1029 1028)
4(124 981 1030 188)
4(980 1029 1030 981)
4(187 188 1030 1029)
4(125 982 1031 189)
4(981 1030 1031 982)
4(188 189 1031 1030)
4(126 983 1032 190)
4(982 1031 1032 983)
4(189 190 1032 1031)
4(983 1032 816 760)
4(190 191 816 1032)
4(978 985 1034 1027)
4(984 1033 1034 985)
4(1026 1027 1034 1033)
4(979 986 1035 1028)
4(985 1034 1035 986)
4(1027 1028 1035 1034)
4(980 987 1036 1029)
4(986 1035 1036 987)
4(1028 1029 1036 1035)
4(981 988 1037 1030)
4(987 1036 1037 988)
4(1029 1030 1037 1036)
4(982 989 1038 1031)
4(988 1037 1038 989)
4(1030 1031 1038 1037)
4(983 990 1039 1032)
4(989 1038 1039 990)
4(1031 1032 1039 1038)
4(990 1039 824 768)
4(1032 816 824 1039)
4(985 992 1041 1034)
4(991 1040 1041 992)
4(1033 1034 1041 1040)
4(986 993 1042 1035)
4(992 1041 1042 993)
4(1034 1035 1042 1041)
4(987 994 1043 1036)
4(993 1042 1043 994)
4(1035 1036 1043 1042)
4(988 995 1044 1037)
4(994 1043 1044 995)
4(1036 1037 1044 1043)
4(989 996 1045 1038)
4(995 1044 1045 996)
4(1037 1038 1045 1044)
4(990 997 1046 1039)
4(996 1045 1046 997)
4(1038 1039 1046 1045)
4(997 1046 832 776)
4(1039 824 832 1046)
4(992 999 1048 1041)
4(998 1047 1048 999)
4(1040 1041 1048 1047)
4(993 1000 1049 1042)
4(999 1048 1049 1000)
4(1041 1042 1049 1048)
4(994 1001 1050 1043)
4(1000 1049 1050 1001)
4(1042 1043 1050 1049)
4(995 1002 1051 1044)
4(1001 1050 1051 1002)
4(1043 1044 1051 1050)
4(996 1003 1052 1045)
4(1002 1051 1052 1003)
4(1044 1045 1052 1051)
4(997 1004 1053 1046)
4(1003 1052 1053 1004)
4(1045 1046 1053 1052)
4(1004 1053 840 784)
4(1046 832 840 1053)
4(999 1006 1055 1048)
4(1005 1054 1055 1006)
4(1047 1048 1055 1054)
4(1000 1007 1056 1049)
4(1006 1055 1056 1007)
4(1048 1049 1056 1055)
4(1001 1008 1057 1050)
4(1007 1056 1057 1008)
4(1049 1050 1057 1056)
4(1002 1009 1058 1051)
4(1008 1057 1058 1009)
4(1050 1051 1058 1057)
4(1003 1010 1059 1052)
4(1009 1058 1059 1010)
4(1051 1052 1059 1058)
4(1004 1011 1060 1053)
4(1010 1059 1060 1011)
4(1052 1053 1060 1059)
4(1011 1060 848 792)
4(1053 840 848 1060)
4(1006 1013 1062 1055)
4(1012 1061 1062 1013)
4(1054 1055 1062 1061)
4(1007 1014 1063 1056)
4(1013 1062 1063 1014)
4(1055 1056 1063 1062)
4(1008 1015 1064 1057)
4(1014 1063 1064 1015)
4(1056 1057 1064 1063)
4(1009 1016 1065 1058)
4(1015 1064 1065 1016)
4(1057 1058 1065 1064)
4(1010 1017 1066 1059)
4(1016 1065 1066 1017)
4(1058 1059 1066 1065)
4(1011 1018 1067 1060)
4(1017 1066 1067 1018)
4(1059 1060 1067 1066)
4(1018 1067 856 800)
4(1060 848 856 1067)
4(1013 1020 1069 1062)
4(1061 1062 1069 1068)
4(1014 1021 1070 1063)
4(1062 1063 1070 1069)
4(1015 1022 1071 1064)
4(1063 1064 1071 1070)
4(1016 1023 1072 1065)
4(1064 1065 1072 1071)
4(1017 1024 1073 1066)
4(1065 1066 1073 1072)
4(1018 1025 1074 1067)
4(1066 1067 1074 1073)
4(1067 856 864 1074)
4(185 1027 1076 249)
4(1026 1075 1076 1027)
4(186 1028 1077 250)
4(1027 1076 1077 1028)
4(187 1029 1078 251)
4(1028 1077 1078 1029)
4(188 1030 1079 252)
4(1029 1078 1079 1030)
4(189 1031 1080 253)
4(1030 1079 1080 1031)
4(190 1032 1081 254)
4(1031 1080 1081 1032)
4(1032 1081 872 816)
4(1027 1034 1083 1076)
4(1033 1082 1083 1034)
4(1028 1035 1084 1077)
4(1034 1083 1084 1035)
4(1029 1036 1085 1078)
4(1035 1084 1085 1036)
4(1030 1037 1086 1079)
4(1036 1085 1086 1037)
4(1031 1038 1087 1080)
4(1037 1086 1087 1038)
4(1032 1039 1088 1081)
4(1038 1087 1088 1039)
4(1039 1088 880 824)
4(1034 1041 1090 1083)
4(1040 1089 1090 1041)
4(1035 1042 1091 1084)
4(1041 1090 1091 1042)
4(1036 1043 1092 1085)
4(1042 1091 1092 1043)
4(1037 1044 1093 1086)
4(1043 1092 1093 1044)
4(1038 1045 1094 1087)
4(1044 1093 1094 1045)
4(1039 1046 1095 1088)
4(1045 1094 1095 1046)
4(1046 1095 888 832)
4(1041 1048 1097 1090)
4(1047 1096 1097 1048)
4(1042 1049 1098 1091)
4(1048 1097 1098 1049)
4(1043 1050 1099 1092)
4(1049 1098 1099 1050)
4(1044 1051 1100 1093)
4(1050 1099 1100 1051)
4(1045 1052 1101 1094)
4(1051 1100 1101 1052)
4(1046 1053 1102 1095)
4(1052 1101 1102 1053)
4(1053 1102 896 840)
4(1048 1055 1104 1097)
4(1054 1103 1104 1055)
4(1049 1056 1105 1098)
4(1055 1104 1105 1056)
4(1050 1057 1106 1099)
4(1056 1105 1106 1057)
4(1051 1058 1107 1100)
4(1057 1106 1107 1058)
4(1052 1059 1108 1101)
4(1058 1107 1108 1059)
4(1053 1060 1109 1102)
4(1059 1108 1109 1060)
4(1060 1109 904 848)
4(1055 1062 1111 1104)
4(1061 1110 1111 1062)
4(1056 1063 1112 1105)
4(1062 1111 1112 1063)
4(1057 1064 1113 1106)
4(1063 1112 1113 1064)
4(1058 1065 1114 1107)
4(1064 1113 1114 1065)
4(1059 1066 1115 1108)
4(1065 1114 1115 1066)
4(1060 1067 1116 1109)
4(1066 1115 1116 1067)
4(1067 1116 912 856)
4(1062 1069 1118 1111)
4(1063 1070 1119 1112)
4(1064 1071 1120 1113)
4(1065 1072 1121 1114)
4(1066 1073 1122 1115)
4(1067 1074 1123 1116)
4(0 64 72 8)
4(8 72 80 16)
4(16 80 88 24)
4(24 88 96 32)
4(32 96 104 40)
4(40 104 112 48)
4(48 112 120 56)
4(64 128 136 72)
4(72 136 144 80)
4(80 144 152 88)
4(88 152 160 96)
4(96 160 168 104)
4(104 168 176 112)
4(112 176 184 120)
4(128 192 200 136)
4(136 200 208 144)
4(144 208 216 152)
4(152 216 224 160)
4(160 224 232 168)
4(168 232 240 176)
4(176 240 248 184)
4(56 120 977 928)
4(928 977 984 935)
4(935 984 991 942)
4(942 991 998 949)
4(949 998 1005 956)
4(956 1005 1012 963)
4(963 1012 1019 970)
4(120 184 1026 977)
4(977 1026 1033 984)
4(984 1033 1040 991)
4(991 1040 1047 998)
4(998 1047 1054 1005)
4(1005 1054 1061 1012)
4(1012 1061 1068 1019)
4(184 248 1075 1026)
4(1026 1075 1082 1033)
4(1033 1082 1089 1040)
4(1040 1089 1096 1047)
4(1047 1096 1103 1054)
4(1054 1103 1110 1061)
4(1061 1110 1117 1068)
4(486 493 549 542)
4(493 500 556 549)
4(500 507 563 556)
4(507 514 570 563)
4(514 521 577 570)
4(521 528 584 577)
4(528 535 591 584)
4(542 549 605 598)
4(549 556 612 605)
4(556 563 619 612)
4(563 570 626 619)
4(570 577 633 626)
4(577 584 640 633)
4(584 591 647 640)
4(598 605 661 654)
4(605 612 668 661)
4(612 619 675 668)
4(619 626 682 675)
4(626 633 689 682)
4(633 640 696 689)
4(640 647 703 696)
4(535 711 767 591)
4(711 719 775 767)
4(719 727 783 775)
4(727 735 791 783)
4(735 743 799 791)
4(743 751 807 799)
4(751 759 815 807)
4(591 767 823 647)
4(767 775 831 823)
4(775 783 839 831)
4(783 791 847 839)
4(791 799 855 847)
4(799 807 863 855)
4(807 815 871 863)
4(647 823 879 703)
4(823 831 887 879)
4(831 839 895 887)
4(839 847 903 895)
4(847 855 911 903)
4(855 863 919 911)
4(863 871 927 919)
4(7 256 312 71)
4(71 312 368 135)
4(135 368 424 199)
4(256 257 313 312)
4(312 313 369 368)
4(368 369 425 424)
4(257 258 314 313)
4(313 314 370 369)
4(369 370 426 425)
4(258 259 315 314)
4(314 315 371 370)
4(370 371 427 426)
4(259 260 316 315)
4(315 316 372 371)
4(371 372 428 427)
4(260 261 317 316)
4(316 317 373 372)
4(372 373 429 428)
4(261 262 318 317)
4(317 318 374 373)
4(373 374 430 429)
4(0 1 65 64)
4(64 65 129 128)
4(128 129 193 192)
4(1 2 66 65)
4(65 66 130 129)
4(129 130 194 193)
4(2 3 67 66)
4(66 67 131 130)
4(130 131 195 194)
4(3 4 68 67)
4(67 68 132 131)
4(131 132 196 195)
4(4 5 69 68)
4(68 69 133 132)
4(132 133 197 196)
4(5 6 70 69)
4(69 70 134 133)
4(133 134 198 197)
4(6 7 71 70)
4(70 71 135 134)
4(134 135 199 198)
4(970 1019 1020 971)
4(1019 1068 1069 1020)
4(1068 1117 1118 1069)
4(971 1020 1021 972)
4(1020 1069 1070 1021)
4(1069 1118 1119 1070)
4(972 1021 1022 973)
4(1021 1070 1071 1022)
4(1070 1119 1120 1071)
4(973 1022 1023 974)
4(1022 1071 1072 1023)
4(1071 1120 1121 1072)
4(974 1023 1024 975)
4(1023 1072 1073 1024)
4(1072 1121 1122 1073)
4(975 1024 1025 976)
4(1024 1073 1074 1025)
4(1073 1122 1123 1074)
4(976 1025 808 752)
4(1025 1074 864 808)
4(1074 1123 920 864)
4(752 808 809 753)
4(808 864 865 809)
4(864 920 921 865)
4(753 809 810 754)
4(809 865 866 810)
4(865 921 922 866)
4(754 810 811 755)
4(810 866 867 811)
4(866 922 923 867)
4(755 811 812 756)
4(811 867 868 812)
4(867 923 924 868)
4(756 812 813 757)
4(812 868 869 813)
4(868 924 925 869)
4(757 813 814 758)
4(813 869 870 814)
4(869 925 926 870)
4(758 814 815 759)
4(814 870 871 815)
4(870 926 927 871)
4(262 269 325 318)
4(269 276 332 325)
4(276 283 339 332)
4(283 290 346 339)
4(290 297 353 346)
4(297 304 360 353)
4(304 311 367 360)
4(318 325 381 374)
4(325 332 388 381)
4(332 339 395 388)
4(339 346 402 395)
4(346 353 409 402)
4(353 360 416 409)
4(360 367 423 416)
4(374 381 437 430)
4(381 388 444 437)
4(388 395 451 444)
4(395 402 458 451)
4(402 409 465 458)
4(409 416 472 465)
4(416 423 479 472)
4(311 480 536 367)
4(367 536 592 423)
4(423 592 648 479)
4(480 481 537 536)
4(536 537 593 592)
4(592 593 649 648)
4(481 482 538 537)
4(537 538 594 593)
4(593 594 650 649)
4(482 483 539 538)
4(538 539 595 594)
4(594 595 651 650)
4(483 484 540 539)
4(539 540 596 595)
4(595 596 652 651)
4(484 485 541 540)
4(540 541 597 596)
4(596 597 653 652)
4(485 486 542 541)
4(541 542 598 597)
4(597 598 654 653)
4(192 193 201 200)
4(200 201 209 208)
4(208 209 217 216)
4(216 217 225 224)
4(224 225 233 232)
4(232 233 241 240)
4(240 241 249 248)
4(193 194 202 201)
4(201 202 210 209)
4(209 210 218 217)
4(217 218 226 225)
4(225 226 234 233)
4(233 234 242 241)
4(241 242 250 249)
4(194 195 203 202)
4(202 203 211 210)
4(210 211 219 218)
4(218 219 227 226)
4(226 227 235 234)
4(234 235 243 242)
4(242 243 251 250)
4(195 196 204 203)
4(203 204 212 211)
4(211 212 220 219)
4(219 220 228 227)
4(227 228 236 235)
4(235 236 244 243)
4(243 244 252 251)
4(196 197 205 204)
4(204 205 213 212)
4(212 213 221 220)
4(220 221 229 228)
4(228 229 237 236)
4(236 237 245 244)
4(244 245 253 252)
4(197 198 206 205)
4(205 206 214 213)
4(213 214 222 221)
4(221 222 230 229)
4(229 230 238 237)
4(237 238 246 245)
4(245 246 254 253)
4(198 199 207 206)
4(206 207 215 214)
4(214 215 223 222)
4(222 223 231 230)
4(230 231 239 238)
4(238 239 247 246)
4(246 247 255 254)
4(199 424 431 207)
4(207 431 438 215)
4(215 438 445 223)
4(223 445 452 231)
4(231 452 459 239)
4(239 459 466 247)
4(247 466 473 255)
4(424 425 432 431)
4(431 432 439 438)
4(438 439 446 445)
4(445 446 453 452)
4(452 453 460 459)
4(459 460 467 466)
4(466 467 474 473)
4(425 426 433 432)
4(432 433 440 439)
4(439 440 447 446)
4(446 447 454 453)
4(453 454 461 460)
4(460 461 468 467)
4(467 468 475 474)
4(426 427 434 433)
4(433 434 441 440)
4(440 441 448 447)
4(447 448 455 454)
4(454 455 462 461)
4(461 462 469 468)
4(468 469 476 475)
4(427 428 435 434)
4(434 435 442 441)
4(441 442 449 448)
4(448 449 456 455)
4(455 456 463 462)
4(462 463 470 469)
4(469 470 477 476)
4(428 429 436 435)
4(435 436 443 442)
4(442 443 450 449)
4(449 450 457 456)
4(456 457 464 463)
4(463 464 471 470)
4(470 471 478 477)
4(429 430 437 436)
4(436 437 444 443)
4(443 444 451 450)
4(450 451 458 457)
4(457 458 465 464)
4(464 465 472 471)
4(471 472 479 478)
4(479 648 655 478)
4(478 655 662 477)
4(477 662 669 476)
4(476 669 676 475)
4(475 676 683 474)
4(474 683 690 473)
4(473 690 697 255)
4(648 649 656 655)
4(655 656 663 662)
4(662 663 670 669)
4(669 670 677 676)
4(676 677 684 683)
4(683 684 691 690)
4(690 691 698 697)
4(649 650 657 656)
4(656 657 664 663)
4(663 664 671 670)
4(670 671 678 677)
4(677 678 685 684)
4(684 685 692 691)
4(691 692 699 698)
4(650 651 658 657)
4(657 658 665 664)
4(664 665 672 671)
4(671 672 679 678)
4(678 679 686 685)
4(685 686 693 692)
4(692 693 700 699)
4(651 652 659 658)
4(658 659 666 665)
4(665 666 673 672)
4(672 673 680 679)
4(679 680 687 686)
4(686 687 694 693)
4(693 694 701 700)
4(652 653 660 659)
4(659 660 667 666)
4(666 667 674 673)
4(673 674 681 680)
4(680 681 688 687)
4(687 688 695 694)
4(694 695 702 701)
4(653 654 661 660)
4(660 661 668 667)
4(667 668 675 674)
4(674 675 682 681)
4(681 682 689 688)
4(688 689 696 695)
4(695 696 703 702)
4(255 697 873 872)
4(872 873 881 880)
4(880 881 889 888)
4(888 889 897 896)
4(896 897 905 904)
4(904 905 913 912)
4(912 913 921 920)
4(697 698 874 873)
4(873 874 882 881)
4(881 882 890 889)
4(889 890 898 897)
4(897 898 906 905)
4(905 906 914 913)
4(913 914 922 921)
4(698 699 875 874)
4(874 875 883 882)
4(882 883 891 890)
4(890 891 899 898)
4(898 899 907 906)
4(906 907 915 914)
4(914 915 923 922)
4(699 700 876 875)
4(875 876 884 883)
4(883 884 892 891)
4(891 892 900 899)
4(899 900 908 907)
4(907 908 916 915)
4(915 916 924 923)
4(700 701 877 876)
4(876 877 885 884)
4(884 885 893 892)
4(892 893 901 900)
4(900 901 909 908)
4(908 909 917 916)
4(916 917 925 924)
4(701 702 878 877)
4(877 878 886 885)
4(885 886 894 893)
4(893 894 902 901)
4(901 902 910 909)
4(909 910 918 917)
4(917 918 926 925)
4(702 703 879 878)
4(878 879 887 886)
4(886 887 895 894)
4(894 895 903 902)
4(902 903 911 910)
4(910 911 919 918)
4(918 919 927 926)
4(248 249 1076 1075)
4(1075 1076 1083 1082)
4(1082 1083 1090 1089)
4(1089 1090 1097 1096)
4(1096 1097 1104 1103)
4(1103 1104 1111 1110)
4(1110 1111 1118 1117)
4(249 250 1077 1076)
4(1076 1077 1084 1083)
4(1083 1084 1091 1090)
4(1090 1091 1098 1097)
4(1097 1098 1105 1104)
4(1104 1105 1112 1111)
4(1111 1112 1119 1118)
4(250 251 1078 1077)
4(1077 1078 1085 1084)
4(1084 1085 1092 1091)
4(1091 1092 1099 1098)
4(1098 1099 1106 1105)
4(1105 1106 1113 1112)
4(1112 1113 1120 1119)
4(251 252 1079 1078)
4(1078 1079 1086 1085)
4(1085 1086 1093 1092)
4(1092 1093 1100 1099)
4(1099 1100 1107 1106)
4(1106 1107 1114 1113)
4(1113 1114 1121 1120)
4(252 253 1080 1079)
4(1079 1080 1087 1086)
4(1086 1087 1094 1093)
4(1093 1094 1101 1100)
4(1100 1101 1108 1107)
4(1107 1108 1115 1114)
4(1114 1115 1122 1121)
4(253 254 1081 1080)
4(1080 1081 1088 1087)
4(1087 1088 1095 1094)
4(1094 1095 1102 1101)
4(1101 1102 1109 1108)
4(1108 1109 1116 1115)
4(1115 1116 1123 1122)
4(254 255 872 1081)
4(1081 872 880 1088)
4(1088 880 888 1095)
4(1095 888 896 1102)
4(1102 896 904 1109)
4(1109 904 912 1116)
4(1116 912 920 1123)
4(0 8 9 1)
4(8 16 17 9)
4(16 24 25 17)
4(24 32 33 25)
4(32 40 41 33)
4(40 48 49 41)
4(48 56 57 49)
4(1 9 10 2)
4(9 17 18 10)
4(17 25 26 18)
4(25 33 34 26)
4(33 41 42 34)
4(41 49 50 42)
4(49 57 58 50)
4(2 10 11 3)
4(10 18 19 11)
4(18 26 27 19)
4(26 34 35 27)
4(34 42 43 35)
4(42 50 51 43)
4(50 58 59 51)
4(3 11 12 4)
4(11 19 20 12)
4(19 27 28 20)
4(27 35 36 28)
4(35 43 44 36)
4(43 51 52 44)
4(51 59 60 52)
4(4 12 13 5)
4(12 20 21 13)
4(20 28 29 21)
4(28 36 37 29)
4(36 44 45 37)
4(44 52 53 45)
4(52 60 61 53)
4(5 13 14 6)
4(13 21 22 14)
4(21 29 30 22)
4(29 37 38 30)
4(37 45 46 38)
4(45 53 54 46)
4(53 61 62 54)
4(6 14 15 7)
4(14 22 23 15)
4(22 30 31 23)
4(30 38 39 31)
4(38 46 47 39)
4(46 54 55 47)
4(54 62 63 55)
4(7 15 263 256)
4(15 23 270 263)
4(23 31 277 270)
4(31 39 284 277)
4(39 47 291 284)
4(47 55 298 291)
4(55 63 305 298)
4(256 263 264 257)
4(263 270 271 264)
4(270 277 278 271)
4(277 284 285 278)
4(284 291 292 285)
4(291 298 299 292)
4(298 305 306 299)
4(257 264 265 258)
4(264 271 272 265)
4(271 278 279 272)
4(278 285 286 279)
4(285 292 293 286)
4(292 299 300 293)
4(299 306 307 300)
4(258 265 266 259)
4(265 272 273 266)
4(272 279 280 273)
4(279 286 287 280)
4(286 293 294 287)
4(293 300 301 294)
4(300 307 308 301)
4(259 266 267 260)
4(266 273 274 267)
4(273 280 281 274)
4(280 287 288 281)
4(287 294 295 288)
4(294 301 302 295)
4(301 308 309 302)
4(260 267 268 261)
4(267 274 275 268)
4(274 281 282 275)
4(281 288 289 282)
4(288 295 296 289)
4(295 302 303 296)
4(302 309 310 303)
4(261 268 269 262)
4(268 275 276 269)
4(275 282 283 276)
4(282 289 290 283)
4(289 296 297 290)
4(296 303 304 297)
4(303 310 311 304)
4(311 310 487 480)
4(310 309 494 487)
4(309 308 501 494)
4(308 307 508 501)
4(307 306 515 508)
4(306 305 522 515)
4(305 63 529 522)
4(480 487 488 481)
4(487 494 495 488)
4(494 501 502 495)
4(501 508 509 502)
4(508 515 516 509)
4(515 522 523 516)
4(522 529 530 523)
4(481 488 489 482)
4(488 495 496 489)
4(495 502 503 496)
4(502 509 510 503)
4(509 516 517 510)
4(516 523 524 517)
4(523 530 531 524)
4(482 489 490 483)
4(489 496 497 490)
4(496 503 504 497)
4(503 510 511 504)
4(510 517 518 511)
4(517 524 525 518)
4(524 531 532 525)
4(483 490 491 484)
4(490 497 498 491)
4(497 504 505 498)
4(504 511 512 505)
4(511 518 519 512)
4(518 525 526 519)
4(525 532 533 526)
4(484 491 492 485)
4(491 498 499 492)
4(498 505 506 499)
4(505 512 513 506)
4(512 519 520 513)
4(519 526 527 520)
4(526 533 534 527)
4(485 492 493 486)
4(492 499 500 493)
4(499 506 507 500)
4(506 513 514 507)
4(513 520 521 514)
4(520 527 528 521)
4(527 534 535 528)
4(63 704 705 529)
4(704 712 713 705)
4(712 720 721 713)
4(720 728 729 721)
4(728 736 737 729)
4(736 744 745 737)
4(744 752 753 745)
4(529 705 706 530)
4(705 713 714 706)
4(713 721 722 714)
4(721 729 730 722)
4(729 737 738 730)
4(737 745 746 738)
4(745 753 754 746)
4(530 706 707 531)
4(706 714 715 707)
4(714 722 723 715)
4(722 730 731 723)
4(730 738 739 731)
4(738 746 747 739)
4(746 754 755 747)
4(531 707 708 532)
4(707 715 716 708)
4(715 723 724 716)
4(723 731 732 724)
4(731 739 740 732)
4(739 747 748 740)
4(747 755 756 748)
4(532 708 709 533)
4(708 716 717 709)
4(716 724 725 717)
4(724 732 733 725)
4(732 740 741 733)
4(740 748 749 741)
4(748 756 757 749)
4(533 709 710 534)
4(709 717 718 710)
4(717 725 726 718)
4(725 733 734 726)
4(733 741 742 734)
4(741 749 750 742)
4(749 757 758 750)
4(534 710 711 535)
4(710 718 719 711)
4(718 726 727 719)
4(726 734 735 727)
4(734 742 743 735)
4(742 750 751 743)
4(750 758 759 751)
4(56 928 929 57)
4(928 935 936 929)
4(935 942 943 936)
4(942 949 950 943)
4(949 956 957 950)
4(956 963 964 957)
4(963 970 971 964)
4(57 929 930 58)
4(929 936 937 930)
4(936 943 944 937)
4(943 950 951 944)
4(950 957 958 951)
4(957 964 965 958)
4(964 971 972 965)
4(58 930 931 59)
4(930 937 938 931)
4(937 944 945 938)
4(944 951 952 945)
4(951 958 959 952)
4(958 965 966 959)
4(965 972 973 966)
4(59 931 932 60)
4(931 938 939 932)
4(938 945 946 939)
4(945 952 953 946)
4(952 959 960 953)
4(959 966 967 960)
4(966 973 974 967)
4(60 932 933 61)
4(932 939 940 933)
4(939 946 947 940)
4(946 953 954 947)
4(953 960 961 954)
4(960 967 968 961)
4(967 974 975 968)
4(61 933 934 62)
4(933 940 941 934)
4(940 947 948 941)
4(947 954 955 948)
4(954 961 962 955)
4(961 968 969 962)
4(968 975 976 969)
4(62 934 704 63)
4(934 941 712 704)
4(941 948 720 712)
4(948 955 728 720)
4(955 962 736 728)
4(962 969 744 736)
4(969 976 752 744)
)


// ************************************************************************* //
