/*--------------------------------*- C++ -*----------------------------------*\
| =========                 |                                                 |
| \\      /  F ield         | foam-extend: Open Source CFD                    |
|  \\    /   O peration     | Version:     4.0                                |
|   \\  /    A nd           | Web:         http://www.foam-extend.org         |
|    \\/     M anipulation  |                                                 |
\*---------------------------------------------------------------------------*/
FoamFile
{
    version     2.0;
    format      ascii;
    class       labelList;
    note        "nPoints: 1124 nCells: 735 nFaces: 2555 nInternalFaces: 1855";
    location    "constant/polyMesh";
    object      neighbour;
}
// * * * * * * * * * * * * * * * * * * * * * * * * * * * * * * * * * * * * * //


1855
(
1
7
49
2
8
50
3
9
51
4
10
52
5
11
53
6
12
54
13
55
147
8
14
56
9
15
57
10
16
58
11
17
59
12
18
60
13
19
61
20
62
154
15
21
63
16
22
64
17
23
65
18
24
66
19
25
67
20
26
68
27
69
161
22
28
70
23
29
71
24
30
72
25
31
73
26
32
74
27
33
75
34
76
168
29
35
77
30
36
78
31
37
79
32
38
80
33
39
81
34
40
82
41
83
175
36
42
84
37
43
85
38
44
86
39
45
87
40
46
88
41
47
89
48
90
182
43
91
588
44
92
589
45
93
590
46
94
591
47
95
592
48
96
593
97
189
594
50
56
98
51
57
99
52
58
100
53
59
101
54
60
102
55
61
103
62
104
196
57
63
105
58
64
106
59
65
107
60
66
108
61
67
109
62
68
110
69
111
203
64
70
112
65
71
113
66
72
114
67
73
115
68
74
116
69
75
117
76
118
210
71
77
119
72
78
120
73
79
121
74
80
122
75
81
123
76
82
124
83
125
217
78
84
126
79
85
127
80
86
128
81
87
129
82
88
130
83
89
131
90
132
224
85
91
133
86
92
134
87
93
135
88
94
136
89
95
137
90
96
138
97
139
231
92
140
637
93
141
638
94
142
639
95
143
640
96
144
641
97
145
642
146
238
643
99
105
100
106
101
107
102
108
103
109
104
110
111
245
106
112
107
113
108
114
109
115
110
116
111
117
118
252
113
119
114
120
115
121
116
122
117
123
118
124
125
259
120
126
121
127
122
128
123
129
124
130
125
131
132
266
127
133
128
134
129
135
130
136
131
137
132
138
139
273
134
140
135
141
136
142
137
143
138
144
139
145
146
280
141
686
142
687
143
688
144
689
145
690
146
691
287
692
148
154
196
149
155
197
150
156
198
151
157
199
152
158
200
153
159
201
160
202
155
161
203
156
162
204
157
163
205
158
164
206
159
165
207
160
166
208
167
209
162
168
210
163
169
211
164
170
212
165
171
213
166
172
214
167
173
215
174
216
169
175
217
170
176
218
171
177
219
172
178
220
173
179
221
174
180
222
181
223
176
182
224
177
183
225
178
184
226
179
185
227
180
186
228
181
187
229
188
230
183
189
231
184
190
232
185
191
233
186
192
234
187
193
235
188
194
236
195
237
190
238
336
191
239
329
192
240
322
193
241
315
194
242
308
195
243
301
244
294
197
203
245
198
204
246
199
205
247
200
206
248
201
207
249
202
208
250
209
251
204
210
252
205
211
253
206
212
254
207
213
255
208
214
256
209
215
257
216
258
211
217
259
212
218
260
213
219
261
214
220
262
215
221
263
216
222
264
223
265
218
224
266
219
225
267
220
226
268
221
227
269
222
228
270
223
229
271
230
272
225
231
273
226
232
274
227
233
275
228
234
276
229
235
277
230
236
278
237
279
232
238
280
233
239
281
234
240
282
235
241
283
236
242
284
237
243
285
244
286
239
287
385
240
288
378
241
289
371
242
290
364
243
291
357
244
292
350
293
343
246
252
247
253
248
254
249
255
250
256
251
257
258
253
259
254
260
255
261
256
262
257
263
258
264
265
260
266
261
267
262
268
263
269
264
270
265
271
272
267
273
268
274
269
275
270
276
271
277
272
278
279
274
280
275
281
276
282
277
283
278
284
279
285
286
281
287
282
288
283
289
284
290
285
291
286
292
293
288
434
289
427
290
420
291
413
292
406
293
399
392
295
301
343
296
302
344
297
303
345
298
304
346
299
305
347
300
306
348
307
349
302
308
350
303
309
351
304
310
352
305
311
353
306
312
354
307
313
355
314
356
309
315
357
310
316
358
311
317
359
312
318
360
313
319
361
314
320
362
321
363
316
322
364
317
323
365
318
324
366
319
325
367
320
326
368
321
327
369
328
370
323
329
371
324
330
372
325
331
373
326
332
374
327
333
375
328
334
376
335
377
330
336
378
331
337
379
332
338
380
333
339
381
334
340
382
335
341
383
342
384
337
385
441
338
386
442
339
387
443
340
388
444
341
389
445
342
390
446
391
447
344
350
392
345
351
393
346
352
394
347
353
395
348
354
396
349
355
397
356
398
351
357
399
352
358
400
353
359
401
354
360
402
355
361
403
356
362
404
363
405
358
364
406
359
365
407
360
366
408
361
367
409
362
368
410
363
369
411
370
412
365
371
413
366
372
414
367
373
415
368
374
416
369
375
417
370
376
418
377
419
372
378
420
373
379
421
374
380
422
375
381
423
376
382
424
377
383
425
384
426
379
385
427
380
386
428
381
387
429
382
388
430
383
389
431
384
390
432
391
433
386
434
490
387
435
491
388
436
492
389
437
493
390
438
494
391
439
495
440
496
393
399
394
400
395
401
396
402
397
403
398
404
405
400
406
401
407
402
408
403
409
404
410
405
411
412
407
413
408
414
409
415
410
416
411
417
412
418
419
414
420
415
421
416
422
417
423
418
424
419
425
426
421
427
422
428
423
429
424
430
425
431
426
432
433
428
434
429
435
430
436
431
437
432
438
433
439
440
435
539
436
540
437
541
438
542
439
543
440
544
545
442
448
490
594
443
449
491
444
450
492
445
451
493
446
452
494
447
453
495
454
496
449
455
497
601
450
456
498
451
457
499
452
458
500
453
459
501
454
460
502
461
503
456
462
504
608
457
463
505
458
464
506
459
465
507
460
466
508
461
467
509
468
510
463
469
511
615
464
470
512
465
471
513
466
472
514
467
473
515
468
474
516
475
517
470
476
518
622
471
477
519
472
478
520
473
479
521
474
480
522
475
481
523
482
524
477
483
525
629
478
484
526
479
485
527
480
486
528
481
487
529
482
488
530
489
531
484
532
636
485
533
486
534
487
535
488
536
489
537
538
491
497
539
643
492
498
540
493
499
541
494
500
542
495
501
543
496
502
544
503
545
498
504
546
650
499
505
547
500
506
548
501
507
549
502
508
550
503
509
551
510
552
505
511
553
657
506
512
554
507
513
555
508
514
556
509
515
557
510
516
558
517
559
512
518
560
664
513
519
561
514
520
562
515
521
563
516
522
564
517
523
565
524
566
519
525
567
671
520
526
568
521
527
569
522
528
570
523
529
571
524
530
572
531
573
526
532
574
678
527
533
575
528
534
576
529
535
577
530
536
578
531
537
579
538
580
533
581
685
534
582
535
583
536
584
537
585
538
586
587
540
546
692
541
547
542
548
543
549
544
550
545
551
552
547
553
699
548
554
549
555
550
556
551
557
552
558
559
554
560
706
555
561
556
562
557
563
558
564
559
565
566
561
567
713
562
568
563
569
564
570
565
571
566
572
573
568
574
720
569
575
570
576
571
577
572
578
573
579
580
575
581
727
576
582
577
583
578
584
579
585
580
586
587
582
734
583
584
585
586
587
589
595
637
590
596
638
591
597
639
592
598
640
593
599
641
594
600
642
601
643
596
602
644
597
603
645
598
604
646
599
605
647
600
606
648
601
607
649
608
650
603
609
651
604
610
652
605
611
653
606
612
654
607
613
655
608
614
656
615
657
610
616
658
611
617
659
612
618
660
613
619
661
614
620
662
615
621
663
622
664
617
623
665
618
624
666
619
625
667
620
626
668
621
627
669
622
628
670
629
671
624
630
672
625
631
673
626
632
674
627
633
675
628
634
676
629
635
677
636
678
631
679
632
680
633
681
634
682
635
683
636
684
685
638
644
686
639
645
687
640
646
688
641
647
689
642
648
690
643
649
691
650
692
645
651
693
646
652
694
647
653
695
648
654
696
649
655
697
650
656
698
657
699
652
658
700
653
659
701
654
660
702
655
661
703
656
662
704
657
663
705
664
706
659
665
707
660
666
708
661
667
709
662
668
710
663
669
711
664
670
712
671
713
666
672
714
667
673
715
668
674
716
669
675
717
670
676
718
671
677
719
678
720
673
679
721
674
680
722
675
681
723
676
682
724
677
683
725
678
684
726
685
727
680
728
681
729
682
730
683
731
684
732
685
733
734
687
693
688
694
689
695
690
696
691
697
692
698
699
694
700
695
701
696
702
697
703
698
704
699
705
706
701
707
702
708
703
709
704
710
705
711
706
712
713
708
714
709
715
710
716
711
717
712
718
713
719
720
715
721
716
722
717
723
718
724
719
725
720
726
727
722
728
723
729
724
730
725
731
726
732
727
733
734
729
730
731
732
733
734
)


// ************************************************************************* //
