                1.E-03           588.509E+06  
                2.E-03             1.17696E+09
                3.E-03             1.76535E+09
                4.E-03             2.35367E+09
                5.E-03             2.94194E+09
                6.E-03             3.53015E+09
                7.E-03             4.11829E+09
                8.E-03             4.70636E+09
                9.E-03             5.29266E+09
               10.E-03             5.87485E+09
               11.E-03             6.45167E+09
               12.E-03             7.02213E+09
               13.E-03             7.58532E+09
               14.E-03             8.14027E+09
               15.E-03             8.68592E+09
               16.E-03             9.22087E+09
               17.E-03             9.74275E+09
               18.E-03            10.2418E+09 
               19.E-03            10.7163E+09 
               20.E-03            11.171E+09  
               21.E-03            11.6079E+09 
               22.E-03            12.0284E+09 
               23.E-03            12.4331E+09 
               24.E-03            12.8229E+09 
               25.E-03            13.1983E+09 
               26.E-03            13.56E+09   
               27.E-03            13.9087E+09 
               28.E-03            14.245E+09  
               29.E-03            14.5696E+09 
               30.E-03            14.883E+09  
               31.E-03            15.1859E+09 
               32.E-03            15.4788E+09 
               33.E-03            15.7621E+09 
               34.E-03            16.0364E+09 
               35.E-03            16.3022E+09 
               36.E-03            16.5599E+09 
               37.E-03            16.8099E+09 
               38.E-03            17.0526E+09 
               39.E-03            17.2883E+09 
               40.E-03            17.5173E+09 
               41.E-03            17.7401E+09 
               42.E-03            17.9568E+09 
               43.E-03            18.1678E+09 
               44.E-03            18.3732E+09 
               45.E-03            18.5735E+09 
               46.E-03            18.7686E+09 
               47.E-03            18.959E+09  
               48.E-03            19.1447E+09 
               49.E-03            19.3259E+09 
               50.E-03            19.5025E+09 
               51.E-03            19.6743E+09 
               52.E-03            19.8412E+09 
               53.E-03            20.0037E+09 
               54.E-03            20.162E+09  
               55.E-03            20.3166E+09 
               56.E-03            20.4676E+09 
               57.E-03            20.6153E+09 
               58.E-03            20.7598E+09 
               59.E-03            20.9014E+09 
               60.E-03            21.04E+09   
               61.E-03            21.176E+09  
               62.E-03            21.3093E+09 
               63.E-03            21.4401E+09 
               64.E-03            21.5685E+09 
               65.E-03            21.6945E+09 
               66.E-03            21.8183E+09 
               67.E-03            21.9399E+09 
               68.E-03            22.0595E+09 
               69.E-03            22.177E+09  
               70.E-03            22.2925E+09 
               71.E-03            22.4061E+09 
               72.E-03            22.5179E+09 
               73.E-03            22.6279E+09 
               74.E-03            22.7361E+09 
               75.E-03            22.8427E+09 
               76.E-03            22.9476E+09 
               77.E-03            23.0508E+09 
               78.E-03            23.1526E+09 
               79.E-03            23.2527E+09 
               80.E-03            23.3514E+09 
               81.E-03            23.4487E+09 
               82.E-03            23.5445E+09 
               83.E-03            23.6389E+09 
               84.E-03            23.732E+09  
               85.E-03            23.8238E+09 
               86.E-03            23.9143E+09 
               87.E-03            24.0036E+09 
               88.E-03            24.0917E+09 
               89.E-03            24.1786E+09 
               90.E-03            24.2643E+09 
               91.E-03            24.3489E+09 
               92.E-03            24.4324E+09 
               93.E-03            24.5149E+09 
               94.E-03            24.5963E+09 
               95.E-03            24.6767E+09 
               96.E-03            24.756E+09  
               97.E-03            24.8344E+09 
               98.E-03            24.9118E+09 
               99.E-03            24.9883E+09 
              100.E-03            25.0638E+09 
              101.E-03            25.1384E+09 
              102.E-03            25.2122E+09 
              103.E-03            25.285E+09  
              104.E-03            25.357E+09  
              105.E-03            25.4282E+09 
              106.E-03            25.4986E+09 
              107.E-03            25.5681E+09 
              108.E-03            25.6368E+09 
              109.E-03            25.7048E+09 
              110.E-03            25.772E+09  
              111.E-03            25.8384E+09 
              112.E-03            25.9042E+09 
              113.E-03            25.9691E+09 
              114.E-03            26.0334E+09 
              115.E-03            26.097E+09  
              116.E-03            26.1599E+09 
              117.E-03            26.2221E+09 
              118.E-03            26.2836E+09 
              119.E-03            26.3445E+09 
              120.E-03            26.4048E+09 
              121.E-03            26.4644E+09 
              122.E-03            26.5234E+09 
              123.E-03            26.5817E+09 
              124.E-03            26.6395E+09 
              125.E-03            26.6967E+09 
              126.E-03            26.7533E+09 
              127.E-03            26.8093E+09 
              128.E-03            26.8647E+09 
              129.E-03            26.9196E+09 
              130.E-03            26.9739E+09 
              131.E-03            27.0277E+09 
              132.E-03            27.081E+09  
              133.E-03            27.1337E+09 
              134.E-03            27.1859E+09 
              135.E-03            27.2376E+09 
              136.E-03            27.2888E+09 
              137.E-03            27.3395E+09 
              138.E-03            27.3897E+09 
              139.E-03            27.4394E+09 
              140.E-03            27.4887E+09 
              141.E-03            27.5374E+09 
              142.E-03            27.5857E+09 
              143.E-03            27.6335E+09 
              144.E-03            27.6809E+09 
              145.E-03            27.7278E+09 
              146.E-03            27.7743E+09 
              147.E-03            27.8204E+09 
              148.E-03            27.866E+09  
              149.E-03            27.9112E+09 
              150.E-03            27.956E+09  
              151.E-03            28.0003E+09 
              152.E-03            28.0443E+09 
              153.E-03            28.0878E+09 
              154.E-03            28.1309E+09 
              155.E-03            28.1737E+09 
              156.E-03            28.216E+09  
              157.E-03            28.258E+09  
              158.E-03            28.2996E+09 
              159.E-03            28.3408E+09 
              160.E-03            28.3816E+09 
              161.E-03            28.422E+09  
              162.E-03            28.4621E+09 
              163.E-03            28.5018E+09 
              164.E-03            28.5412E+09 
              165.E-03            28.5802E+09 
              166.E-03            28.6189E+09 
              167.E-03            28.6572E+09 
              168.E-03            28.6951E+09 
              169.E-03            28.7328E+09 
              170.E-03            28.7701E+09 
              171.E-03            28.807E+09  
              172.E-03            28.8436E+09 
              173.E-03            28.8799E+09 
              174.E-03            28.9159E+09 
              175.E-03            28.9515E+09 
              176.E-03            28.9869E+09 
              177.E-03            29.0219E+09 
              178.E-03            29.0566E+09 
              179.E-03            29.091E+09  
              180.E-03            29.1251E+09 
              181.E-03            29.1589E+09 
              182.E-03            29.1924E+09 
              183.E-03            29.2256E+09 
              184.E-03            29.2584E+09 
              185.E-03            29.2911E+09 
              186.E-03            29.3234E+09 
              187.E-03            29.3554E+09 
              188.E-03            29.3871E+09 
              189.E-03            29.4186E+09 
              190.E-03            29.4498E+09 
              191.E-03            29.4807E+09 
              192.E-03            29.5113E+09 
              193.E-03            29.5417E+09 
              194.E-03            29.5717E+09 
              195.E-03            29.6016E+09 
              196.E-03            29.6311E+09 
              197.E-03            29.6604E+09 
              198.E-03            29.6894E+09 
              199.E-03            29.7182E+09 
              200.E-03            29.7467E+09 
              201.E-03            29.7749E+09 
              202.E-03            29.8029E+09 
              203.E-03            29.8306E+09 
              204.E-03            29.8581E+09 
              205.E-03            29.8854E+09 
              206.E-03            29.9124E+09 
              207.E-03            29.9391E+09 
              208.E-03            29.9657E+09 
              209.E-03            29.9919E+09 
              210.E-03            30.018E+09  
              211.E-03            30.0437E+09 
              212.E-03            30.0693E+09 
              213.E-03            30.0946E+09 
              214.E-03            30.1197E+09 
              215.E-03            30.1445E+09 
              216.E-03            30.1692E+09 
              217.E-03            30.1936E+09 
              218.E-03            30.2177E+09 
              219.E-03            30.2417E+09 
              220.E-03            30.2654E+09 
              221.E-03            30.2889E+09 
              222.E-03            30.3122E+09 
              223.E-03            30.3352E+09 
              224.E-03            30.3581E+09 
              225.E-03            30.3807E+09 
              226.E-03            30.4031E+09 
              227.E-03            30.4253E+09 
              228.E-03            30.4473E+09 
              229.E-03            30.469E+09  
              230.E-03            30.4906E+09 
              231.E-03            30.5119E+09 
              232.E-03            30.5331E+09 
              233.E-03            30.554E+09  
              234.E-03            30.5747E+09 
              235.E-03            30.5952E+09 
              236.E-03            30.6155E+09 
              237.E-03            30.6357E+09 
              238.E-03            30.6556E+09 
              239.E-03            30.6753E+09 
              240.E-03            30.6948E+09 
              241.E-03            30.7141E+09 
              242.E-03            30.7332E+09 
              243.E-03            30.7521E+09 
              244.E-03            30.7709E+09 
              245.E-03            30.7894E+09 
              246.E-03            30.8077E+09 
              247.E-03            30.8259E+09 
              248.E-03            30.8438E+09 
              249.E-03            30.8616E+09 
              250.E-03            30.8792E+09 
              251.E-03            30.8966E+09 
              252.E-03            30.9137E+09 
              253.E-03            30.9308E+09 
              254.E-03            30.9476E+09 
              255.E-03            30.9642E+09 
              256.E-03            30.9807E+09 
              257.E-03            30.9969E+09 
              258.E-03            31.013E+09  
              259.E-03            31.0289E+09 
              260.E-03            31.0446E+09 
              261.E-03            31.0602E+09 
              262.E-03            31.0755E+09 
              263.E-03            31.0907E+09 
              264.E-03            31.1057E+09 
              265.E-03            31.1206E+09 
              266.E-03            31.1352E+09 
              267.E-03            31.1497E+09 
              268.E-03            31.164E+09  
              269.E-03            31.1781E+09 
              270.E-03            31.192E+09  
              271.E-03            31.2058E+09 
              272.E-03            31.2194E+09 
              273.E-03            31.2328E+09 
              274.E-03            31.2461E+09 
              275.E-03            31.2592E+09 
              276.E-03            31.2721E+09 
              277.E-03            31.2848E+09 
              278.E-03            31.2974E+09 
              279.E-03            31.3098E+09 
              280.E-03            31.3221E+09 
              281.E-03            31.3341E+09 
              282.E-03            31.346E+09  
              283.E-03            31.3578E+09 
              284.E-03            31.3693E+09 
              285.E-03            31.3807E+09 
              286.E-03            31.3919E+09 
              287.E-03            31.403E+09  
              288.E-03            31.4139E+09 
              289.E-03            31.4247E+09 
              290.E-03            31.4352E+09 
              291.E-03            31.4457E+09 
              292.E-03            31.4559E+09 
              293.E-03            31.466E+09  
              294.E-03            31.4759E+09 
              295.E-03            31.4857E+09 
              296.E-03            31.4953E+09 
              297.E-03            31.5047E+09 
              298.E-03            31.514E+09  
              299.E-03            31.5231E+09 
              300.E-03            31.5321E+09 
              301.E-03            31.5409E+09 
              302.E-03            31.5496E+09 
              303.E-03            31.558E+09  
              304.E-03            31.5664E+09 
              305.E-03            31.5746E+09 
              306.E-03            31.5826E+09 
              307.E-03            31.5904E+09 
              308.E-03            31.5981E+09 
              309.E-03            31.6057E+09 
              310.E-03            31.613E+09  
              311.E-03            31.6203E+09 
              312.E-03            31.6273E+09 
              313.E-03            31.6343E+09 
              314.E-03            31.641E+09  
              315.E-03            31.6476E+09 
              316.E-03            31.6541E+09 
              317.E-03            31.6604E+09 
              318.E-03            31.6665E+09 
              319.E-03            31.6725E+09 
              320.E-03            31.6784E+09 
              321.E-03            31.6841E+09 
              322.E-03            31.6896E+09 
              323.E-03            31.695E+09  
              324.E-03            31.7002E+09 
              325.E-03            31.7053E+09 
              326.E-03            31.7102E+09 
              327.E-03            31.7149E+09 
              328.E-03            31.7196E+09 
              329.E-03            31.724E+09  
              330.E-03            31.7283E+09 
              331.E-03            31.7325E+09 
              332.E-03            31.7365E+09 
              333.E-03            31.7404E+09 
              334.E-03            31.7441E+09 
              335.E-03            31.7476E+09 
              336.E-03            31.751E+09  
              337.E-03            31.7543E+09 
              338.E-03            31.7574E+09 
              339.E-03            31.7604E+09 
              340.E-03            31.7632E+09 
              341.E-03            31.7658E+09 
              342.E-03            31.7683E+09 
              343.E-03            31.7707E+09 
              344.E-03            31.7729E+09 
              345.E-03            31.7749E+09 
              346.E-03            31.7769E+09 
              347.E-03            31.7786E+09 
              348.E-03            31.7802E+09 
              349.E-03            31.7817E+09 
              350.E-03            31.783E+09  
              351.E-03            31.7842E+09 
              352.E-03            31.7852E+09 
              353.E-03            31.786E+09  
              354.E-03            31.7868E+09 
              355.E-03            31.7873E+09 
              356.E-03            31.7877E+09 
              357.E-03            31.788E+09  
              358.E-03            31.7881E+09 
              359.E-03            31.7881E+09 
              360.E-03            31.7879E+09 
              361.E-03            31.7876E+09 
              362.E-03            31.7872E+09 
              363.E-03            31.7865E+09 
              364.E-03            31.7858E+09 
              365.E-03            31.7849E+09 
              366.E-03            31.7838E+09 
              367.E-03            31.7826E+09 
              368.E-03            31.7812E+09 
              369.E-03            31.7797E+09 
              370.E-03            31.7781E+09 
              371.E-03            31.7763E+09 
              372.E-03            31.7743E+09 
              373.E-03            31.7722E+09 
              374.E-03            31.77E+09   
              375.E-03            31.7676E+09 
              376.E-03            31.7651E+09 
              377.E-03            31.7624E+09 
              378.E-03            31.7596E+09 
              379.E-03            31.7566E+09 
              380.E-03            31.7534E+09 
              381.E-03            31.7502E+09 
              382.E-03            31.7468E+09 
              383.E-03            31.7432E+09 
              384.E-03            31.7395E+09 
              385.E-03            31.7356E+09 
              386.E-03            31.7316E+09 
              387.E-03            31.7274E+09 
              388.E-03            31.7231E+09 
              389.E-03            31.7187E+09 
              390.E-03            31.7141E+09 
              391.E-03            31.7093E+09 
              392.E-03            31.7044E+09 
              393.E-03            31.6994E+09 
              394.E-03            31.6942E+09 
              395.E-03            31.6889E+09 
              396.E-03            31.6834E+09 
              397.E-03            31.6777E+09 
              398.E-03            31.672E+09  
              399.E-03            31.666E+09  
              400.E-03            31.66E+09   
              401.E-03            31.6537E+09 
              402.E-03            31.6474E+09 
              403.E-03            31.6408E+09 
              404.E-03            31.6342E+09 
              405.E-03            31.6274E+09 
              406.E-03            31.6204E+09 
              407.E-03            31.6133E+09 
              408.E-03            31.606E+09  
              409.E-03            31.5986E+09 
              410.E-03            31.5911E+09 
              411.E-03            31.5833E+09 
              412.E-03            31.5755E+09 
              413.E-03            31.5675E+09 
              414.E-03            31.5593E+09 
              415.E-03            31.551E+09  
              416.E-03            31.5426E+09 
              417.E-03            31.534E+09  
              418.E-03            31.5253E+09 
              419.E-03            31.5164E+09 
              420.E-03            31.5073E+09 
              421.E-03            31.4981E+09 
              422.E-03            31.4888E+09 
              423.E-03            31.4793E+09 
              424.E-03            31.4697E+09 
              425.E-03            31.4599E+09 
              426.E-03            31.4499E+09 
              427.E-03            31.4398E+09 
              428.E-03            31.4296E+09 
              429.E-03            31.4192E+09 
              430.E-03            31.4087E+09 
              431.E-03            31.398E+09  
              432.E-03            31.3872E+09 
              433.E-03            31.3762E+09 
              434.E-03            31.365E+09  
              435.E-03            31.3537E+09 
              436.E-03            31.3423E+09 
              437.E-03            31.3307E+09 
              438.E-03            31.319E+09  
              439.E-03            31.3071E+09 
              440.E-03            31.2951E+09 
              441.E-03            31.2829E+09 
              442.E-03            31.2705E+09 
              443.E-03            31.258E+09  
              444.E-03            31.2454E+09 
              445.E-03            31.2326E+09 
              446.E-03            31.2196E+09 
              447.E-03            31.2065E+09 
              448.E-03            31.1933E+09 
              449.E-03            31.1799E+09 
              450.E-03            31.1663E+09 
              451.E-03            31.1526E+09 
              452.E-03            31.1388E+09 
              453.E-03            31.1247E+09 
              454.E-03            31.1106E+09 
              455.E-03            31.0962E+09 
              456.E-03            31.0818E+09 
              457.E-03            31.0672E+09 
              458.E-03            31.0524E+09 
              459.E-03            31.0374E+09 
              460.E-03            31.0223E+09 
              461.E-03            31.0071E+09 
              462.E-03            30.9917E+09 
              463.E-03            30.9762E+09 
              464.E-03            30.9604E+09 
              465.E-03            30.9446E+09 
              466.E-03            30.9286E+09 
              467.E-03            30.9124E+09 
              468.E-03            30.8961E+09 
              469.E-03            30.8796E+09 
              470.E-03            30.863E+09  
              471.E-03            30.8462E+09 
              472.E-03            30.8292E+09 
              473.E-03            30.8121E+09 
              474.E-03            30.7948E+09 
              475.E-03            30.7774E+09 
              476.E-03            30.7598E+09 
              477.E-03            30.7421E+09 
              478.E-03            30.7242E+09 
              479.E-03            30.7062E+09 
              480.E-03            30.6879E+09 
              481.E-03            30.6696E+09 
              482.E-03            30.6511E+09 
              483.E-03            30.6324E+09 
              484.E-03            30.6135E+09 
              485.E-03            30.5945E+09 
              486.E-03            30.5754E+09 
              487.E-03            30.556E+09  
              488.E-03            30.5366E+09 
              489.E-03            30.5169E+09 
              490.E-03            30.4971E+09 
              491.E-03            30.4771E+09 
              492.E-03            30.457E+09  
              493.E-03            30.4367E+09 
              494.E-03            30.4163E+09 
              495.E-03            30.3957E+09 
              496.E-03            30.3749E+09 
              497.E-03            30.3539E+09 
              498.E-03            30.3328E+09 
              499.E-03            30.3116E+09 
              500.E-03            30.2901E+09 
              501.E-03            30.2685E+09 
              502.E-03            30.2468E+09 
              503.E-03            30.2249E+09 
              504.E-03            30.2028E+09 
              505.E-03            30.1805E+09 
              506.E-03            30.1581E+09 
              507.E-03            30.1355E+09 
              508.E-03            30.1127E+09 
              509.E-03            30.0898E+09 
              510.E-03            30.0667E+09 
              511.E-03            30.0434E+09 
              512.E-03            30.02E+09   
              513.E-03            29.9964E+09 
              514.E-03            29.9726E+09 
              515.E-03            29.9486E+09 
              516.E-03            29.9245E+09 
              517.E-03            29.9002E+09 
              518.E-03            29.8758E+09 
              519.E-03            29.8511E+09 
              520.E-03            29.8263E+09 
              521.E-03            29.8013E+09 
              522.E-03            29.7761E+09 
              523.E-03            29.7508E+09 
              524.E-03            29.7253E+09 
              525.E-03            29.6996E+09 
              526.E-03            29.6737E+09 
              527.E-03            29.6477E+09 
              528.E-03            29.6214E+09 
              529.E-03            29.595E+09  
              530.E-03            29.5684E+09 
              531.E-03            29.5417E+09 
              532.E-03            29.5147E+09 
              533.E-03            29.4876E+09 
              534.E-03            29.4603E+09 
              535.E-03            29.4327E+09 
              536.E-03            29.405E+09  
              537.E-03            29.3772E+09 
              538.E-03            29.3491E+09 
              539.E-03            29.3208E+09 
              540.E-03            29.2924E+09 
              541.E-03            29.2638E+09 
              542.E-03            29.2349E+09 
              543.E-03            29.2059E+09 
              544.E-03            29.1767E+09 
              545.E-03            29.1473E+09 
              546.E-03            29.1177E+09 
              547.E-03            29.0879E+09 
              548.E-03            29.0579E+09 
              549.E-03            29.0277E+09 
              550.E-03            28.9973E+09 
              551.E-03            28.9667E+09 
              552.E-03            28.9359E+09 
              553.E-03            28.9049E+09 
              554.E-03            28.8737E+09 
              555.E-03            28.8422E+09 
              556.E-03            28.8106E+09 
              557.E-03            28.7788E+09 
              558.E-03            28.7467E+09 
              559.E-03            28.7145E+09 
              560.E-03            28.682E+09  
              561.E-03            28.6493E+09 
              562.E-03            28.6164E+09 
              563.E-03            28.5832E+09 
              564.E-03            28.5499E+09 
              565.E-03            28.5163E+09 
              566.E-03            28.4825E+09 
              567.E-03            28.4485E+09 
              568.E-03            28.4142E+09 
              569.E-03            28.3797E+09 
              570.E-03            28.345E+09  
              571.E-03            28.3101E+09 
              572.E-03            28.2749E+09 
              573.E-03            28.2394E+09 
              574.E-03            28.2038E+09 
              575.E-03            28.1678E+09 
              576.E-03            28.1317E+09 
              577.E-03            28.0952E+09 
              578.E-03            28.0586E+09 
              579.E-03            28.0217E+09 
              580.E-03            27.9845E+09 
              581.E-03            27.947E+09  
              582.E-03            27.9093E+09 
              583.E-03            27.8713E+09 
              584.E-03            27.8331E+09 
              585.E-03            27.7946E+09 
              586.E-03            27.7558E+09 
              587.E-03            27.7167E+09 
              588.E-03            27.6774E+09 
              589.E-03            27.6377E+09 
              590.E-03            27.5978E+09 
              591.E-03            27.5576E+09 
              592.E-03            27.517E+09  
              593.E-03            27.4762E+09 
              594.E-03            27.4351E+09 
              595.E-03            27.3936E+09 
              596.E-03            27.3518E+09 
              597.E-03            27.3097E+09 
              598.E-03            27.2673E+09 
              599.E-03            27.2246E+09 
              600.E-03            27.1815E+09 
              601.E-03            27.138E+09  
              602.E-03            27.0942E+09 
              603.E-03            27.0501E+09 
              604.E-03            27.0056E+09 
              605.E-03            26.9607E+09 
              606.E-03            26.9154E+09 
              607.E-03            26.8698E+09 
              608.E-03            26.8238E+09 
              609.E-03            26.7773E+09 
              610.E-03            26.7305E+09 
              611.E-03            26.6832E+09 
              612.E-03            26.6355E+09 
              613.E-03            26.5873E+09 
              614.E-03            26.5387E+09 
              615.E-03            26.4897E+09 
              616.E-03            26.4401E+09 
              617.E-03            26.3901E+09 
              618.E-03            26.3396E+09 
              619.E-03            26.2885E+09 
              620.E-03            26.2369E+09 
              621.E-03            26.1848E+09 
              622.E-03            26.1321E+09 
              623.E-03            26.0784E+09 
              624.E-03            26.0245E+09 
              625.E-03            25.9702E+09 
              626.E-03            25.9147E+09 
              627.E-03            25.8588E+09 
              628.E-03            25.802E+09  
              629.E-03            25.7449E+09 
              630.E-03            25.6864E+09 
              631.E-03            25.6276E+09 
              632.E-03            25.5683E+09 
              633.E-03            25.5083E+09 
              634.E-03            25.4476E+09 
              635.E-03            25.3863E+09 
              636.E-03            25.3247E+09 
              637.E-03            25.2628E+09 
              638.E-03            25.2006E+09 
              639.E-03            25.1382E+09 
              640.E-03            25.0752E+09 
              641.E-03            25.0119E+09 
              642.E-03            24.9476E+09 
              643.E-03            24.883E+09  
              644.E-03            24.8192E+09 
              645.E-03            24.7543E+09 
              646.E-03            24.6889E+09 
              647.E-03            24.624E+09  
              648.E-03            24.5583E+09 
              649.E-03            24.4927E+09 
              650.E-03            24.4263E+09 
              651.E-03            24.3602E+09 
              652.E-03            24.2934E+09 
              653.E-03            24.2261E+09 
              654.E-03            24.1589E+09 
              655.E-03            24.091E+09  
              656.E-03            24.0232E+09 
              657.E-03            23.9546E+09 
              658.E-03            23.8857E+09 
              659.E-03            23.8167E+09 
              660.E-03            23.7476E+09 
              661.E-03            23.6777E+09 
              662.E-03            23.6072E+09 
              663.E-03            23.5378E+09 
              664.E-03            23.4675E+09 
              665.E-03            23.3964E+09 
              666.E-03            23.3264E+09 
              667.E-03            23.2552E+09 
              668.E-03            23.1834E+09 
              669.E-03            23.1125E+09 
              670.E-03            23.0406E+09 
              671.E-03            22.968E+09  
              672.E-03            22.8973E+09 
              673.E-03            22.8238E+09 
              674.E-03            22.7515E+09 
              675.E-03            22.6788E+09 
              676.E-03            22.6058E+09 
              677.E-03            22.5323E+09 
              678.E-03            22.4591E+09 
              679.E-03            22.3849E+09 
              680.E-03            22.3104E+09 
              681.E-03            22.2366E+09 
              682.E-03            22.1618E+09 
              683.E-03            22.0863E+09 
              684.E-03            22.0121E+09 
              685.E-03            21.9361E+09 
              686.E-03            21.8594E+09 
              687.E-03            21.7846E+09 
              688.E-03            21.7082E+09 
              689.E-03            21.6308E+09 
              690.E-03            21.5552E+09 
              691.E-03            21.4781E+09 
              692.E-03            21.4E+09    
              693.E-03            21.323E+09  
              694.E-03            21.2454E+09 
              695.E-03            21.1664E+09 
              696.E-03            21.088E+09  
              697.E-03            21.0097E+09 
              698.E-03            20.9309E+09 
              699.E-03            20.8508E+09 
              700.E-03            20.7709E+09 
              701.E-03            20.6913E+09 
              702.E-03            20.6107E+09 
              703.E-03            20.5298E+09 
              704.E-03            20.4492E+09 
              705.E-03            20.368E+09  
              706.E-03            20.2865E+09 
              707.E-03            20.2052E+09 
              708.E-03            20.1234E+09 
              709.E-03            20.042E+09  
              710.E-03            19.9597E+09 
              711.E-03            19.8793E+09 
              712.E-03            19.7978E+09 
              713.E-03            19.7168E+09 
              714.E-03            19.6352E+09 
              715.E-03            19.5527E+09 
              716.E-03            19.4709E+09 
              717.E-03            19.3892E+09 
              718.E-03            19.3076E+09 
              719.E-03            19.2251E+09 
              720.E-03            19.1422E+09 
              721.E-03            19.0606E+09 
              722.E-03            18.9789E+09 
              723.E-03            18.896E+09  
              724.E-03            18.813E+09  
              725.E-03            18.7303E+09 
              726.E-03            18.648E+09  
              727.E-03            18.565E+09  
              728.E-03            18.4811E+09 
              729.E-03            18.3984E+09 
              730.E-03            18.3156E+09 
              731.E-03            18.2318E+09 
              732.E-03            18.148E+09  
              733.E-03            18.0638E+09 
              734.E-03            17.9805E+09 
              735.E-03            17.8964E+09 
              736.E-03            17.8131E+09 
              737.E-03            17.7292E+09 
              738.E-03            17.6453E+09 
              739.E-03            17.5608E+09 
              740.E-03            17.4758E+09 
              741.E-03            17.3916E+09 
              742.E-03            17.3084E+09 
              743.E-03            17.2242E+09 
              744.E-03            17.1399E+09 
              745.E-03            17.0549E+09 
              746.E-03            16.9712E+09 
              747.E-03            16.8871E+09 
              748.E-03            16.8035E+09 
              749.E-03            16.7185E+09 
              750.E-03            16.6336E+09 
              751.E-03            16.5502E+09 
              752.E-03            16.4658E+09 
              753.E-03            16.3819E+09 
              754.E-03            16.2971E+09 
              755.E-03            16.2118E+09 
              756.E-03            16.128E+09  
              757.E-03            16.0437E+09 
              758.E-03            15.9598E+09 
              759.E-03            15.8756E+09 
              760.E-03            15.7904E+09 
              761.E-03            15.706E+09  
              762.E-03            15.6215E+09 
              763.E-03            15.5367E+09 
              764.E-03            15.4524E+09 
              765.E-03            15.3683E+09 
              766.E-03            15.2845E+09 
              767.E-03            15.1994E+09 
              768.E-03            15.1145E+09 
              769.E-03            15.0292E+09 
              770.E-03            14.9455E+09 
              771.E-03            14.8608E+09 
              772.E-03            14.7765E+09 
              773.E-03            14.6917E+09 
              774.E-03            14.6075E+09 
              775.E-03            14.523E+09  
              776.E-03            14.4397E+09 
              777.E-03            14.3543E+09 
              778.E-03            14.2708E+09 
              779.E-03            14.1853E+09 
              780.E-03            14.1042E+09 
              781.E-03            14.0222E+09 
              782.E-03            13.9418E+09 
              783.E-03            13.8598E+09 
              784.E-03            13.7784E+09 
              785.E-03            13.6964E+09 
              786.E-03            13.617E+09  
              787.E-03            13.5369E+09 
              788.E-03            13.4573E+09 
              789.E-03            13.3791E+09 
              790.E-03            13.2987E+09 
              791.E-03            13.2207E+09 
              792.E-03            13.1401E+09 
              793.E-03            13.0631E+09 
              794.E-03            12.985E+09  
              795.E-03            12.9084E+09 
              796.E-03            12.8296E+09 
              797.E-03            12.7529E+09 
              798.E-03            12.6748E+09 
              799.E-03            12.5985E+09 
              800.E-03            12.5226E+09 
              801.E-03            12.4477E+09 
              802.E-03            12.371E+09  
              803.E-03            12.2956E+09 
              804.E-03            12.2209E+09 
              805.E-03            12.1445E+09 
              806.E-03            12.0707E+09 
              807.E-03            11.997E+09  
              808.E-03            11.9237E+09 
              809.E-03            11.8506E+09 
              810.E-03            11.7774E+09 
              811.E-03            11.7026E+09 
              812.E-03            11.6316E+09 
              813.E-03            11.5582E+09 
              814.E-03            11.488E+09  
              814.E-03            11.488E+09  




