               10.E-03           298.095E+06  
               20.E-03           596.088E+06  
               30.E-03           893.982E+06  
               40.E-03             1.19178E+09
               50.E-03             1.48947E+09
               60.E-03             1.78706E+09
               70.E-03             2.08455E+09
               80.E-03             2.38195E+09
               90.E-03             2.67924E+09
              100.E-03             2.97643E+09
              110.E-03             3.27352E+09
              120.E-03             3.57024E+09
              130.E-03             3.86621E+09
              140.E-03             4.1612E+09 
              150.E-03             4.455E+09  
              160.E-03             4.7474E+09 
              170.E-03             5.0382E+09 
              180.E-03             5.32711E+09
              190.E-03             5.6138E+09 
              200.E-03             5.89783E+09
              210.E-03             6.17861E+09
              220.E-03             6.45531E+09
              230.E-03             6.72671E+09
              240.E-03             6.9907E+09 
              250.E-03             7.21276E+09
              260.E-03             7.32182E+09
              270.E-03             7.3961E+09 
              280.E-03             7.4515E+09 
              290.E-03             7.49526E+09
              300.E-03             7.5308E+09 
              310.E-03             7.56285E+09
              320.E-03             7.59243E+09
              330.E-03             7.62011E+09
              340.E-03             7.64632E+09
              350.E-03             7.67134E+09
              360.E-03             7.69533E+09
              370.E-03             7.71846E+09
              380.E-03             7.74081E+09
              390.E-03             7.7625E+09 
              400.E-03             7.78357E+09
              410.E-03             7.80395E+09
              420.E-03             7.82367E+09
              430.E-03             7.84273E+09
              440.E-03             7.86116E+09
              450.E-03             7.87897E+09
              460.E-03             7.8962E+09 
              470.E-03             7.91281E+09
              480.E-03             7.92884E+09
              490.E-03             7.94426E+09
              500.E-03             7.9589E+09 
              510.E-03             7.97275E+09
              520.E-03             7.98598E+09
              530.E-03             7.99828E+09
              540.E-03             8.01009E+09
              550.E-03             8.02153E+09
              560.E-03             8.03271E+09
              570.E-03             8.04361E+09
              580.E-03             8.05408E+09
              590.E-03             8.0641E+09 
              600.E-03             8.07383E+09
              610.E-03             8.0834E+09 
              620.E-03             8.09283E+09
              630.E-03             8.10213E+09
              640.E-03             8.11129E+09
              650.E-03             8.12034E+09
              660.E-03             8.12928E+09
              670.E-03             8.1381E+09 
              680.E-03             8.14682E+09
              690.E-03             8.15543E+09
              700.E-03             8.16396E+09
              710.E-03             8.17239E+09
              720.E-03             8.18072E+09
              730.E-03             8.18896E+09
              740.E-03             8.19712E+09
              750.E-03             8.20519E+09
              760.E-03             8.21318E+09
              770.E-03             8.22109E+09
              780.E-03             8.22893E+09
              790.E-03             8.2367E+09 
              800.E-03             8.24438E+09
              810.E-03             8.25199E+09
              820.E-03             8.25954E+09
              830.E-03             8.267E+09  
              840.E-03             8.27441E+09
              850.E-03             8.28173E+09
              860.E-03             8.28903E+09
              870.E-03             8.29624E+09
              880.E-03             8.30342E+09
              890.E-03             8.31052E+09
              900.E-03             8.31755E+09
              910.E-03             8.32457E+09
              920.E-03             8.33151E+09
              930.E-03             8.33839E+09
              940.E-03             8.34521E+09
              950.E-03             8.35201E+09
              960.E-03             8.35873E+09
              970.E-03             8.36542E+09
              980.E-03             8.37205E+09
              990.E-03             8.37862E+09
                1.                 8.38515E+09




