               10.E-03             5.87414E+09
               20.E-03            11.1632E+09 
               30.E-03            14.8767E+09 
               40.E-03            17.513E+09  
               50.E-03            19.5035E+09 
               60.E-03            21.0447E+09 
               70.E-03            22.3113E+09 
               80.E-03            23.3874E+09 
               90.E-03            24.3195E+09 
              100.E-03            25.1409E+09 
              110.E-03            25.8732E+09 
              120.E-03            26.533E+09  
              130.E-03            27.1321E+09 
              140.E-03            27.6798E+09 
              150.E-03            28.1832E+09 
              160.E-03            28.6479E+09 
              170.E-03            29.0789E+09 
              180.E-03            29.4797E+09 
              190.E-03            29.8537E+09 
              200.E-03            30.2035E+09 
              210.E-03            30.5313E+09 
              220.E-03            30.8392E+09 
              230.E-03            31.1288E+09 
              240.E-03            31.4015E+09 
              250.E-03            31.6586E+09 
              260.E-03            31.9013E+09 
              270.E-03            32.1306E+09 
              280.E-03            32.3473E+09 
              290.E-03            32.5522E+09 
              300.E-03            32.7461E+09 
              310.E-03            32.9296E+09 
              320.E-03            33.1032E+09 
              330.E-03            33.2675E+09 
              340.E-03            33.423E+09  
              350.E-03            33.5701E+09 
              360.E-03            33.7092E+09 
              370.E-03            33.8407E+09 
              380.E-03            33.965E+09  
              390.E-03            34.0822E+09 
              400.E-03            34.1928E+09 
              410.E-03            34.297E+09  
              420.E-03            34.395E+09  
              430.E-03            34.4871E+09 
              440.E-03            34.5734E+09 
              450.E-03            34.6543E+09 
              460.E-03            34.7299E+09 
              470.E-03            34.8003E+09 
              480.E-03            34.8658E+09 
              490.E-03            34.9264E+09 
              500.E-03            34.9824E+09 
              510.E-03            35.0339E+09 
              520.E-03            35.0809E+09 
              530.E-03            35.1238E+09 
              540.E-03            35.1624E+09 
              550.E-03            35.1971E+09 
              560.E-03            35.2278E+09 
              570.E-03            35.2547E+09 
              580.E-03            35.2779E+09 
              590.E-03            35.2975E+09 
              600.E-03            35.3135E+09 
              610.E-03            35.3262E+09 
              620.E-03            35.3354E+09 
              630.E-03            35.3414E+09 
              640.E-03            35.3442E+09 
              650.E-03            35.3439E+09 
              660.E-03            35.3406E+09 
              670.E-03            35.3339E+09 
              680.E-03            35.3247E+09 
              690.E-03            35.3125E+09 
              700.E-03            35.2976E+09 
              710.E-03            35.2799E+09 
              720.E-03            35.2595E+09 
              730.E-03            35.2366E+09 
              740.E-03            35.2111E+09 
              750.E-03            35.1831E+09 
              760.E-03            35.1527E+09 
              770.E-03            35.12E+09   
              780.E-03            35.0848E+09 
              790.E-03            35.0474E+09 
              800.E-03            35.0078E+09 
              810.E-03            34.966E+09  
              820.E-03            34.922E+09  
              830.E-03            34.876E+09  
              840.E-03            34.8279E+09 
              850.E-03            34.7778E+09 
              860.E-03            34.7257E+09 
              870.E-03            34.6718E+09 
              880.E-03            34.6159E+09 
              890.E-03            34.5583E+09 
              900.E-03            34.4988E+09 
              910.E-03            34.4376E+09 
              920.E-03            34.3747E+09 
              930.E-03            34.3101E+09 
              940.E-03            34.2438E+09 
              950.E-03            34.176E+09  
              960.E-03            34.1065E+09 
              970.E-03            34.0356E+09 
              980.E-03            33.9631E+09 
              990.E-03            33.8891E+09 
                1.                33.8138E+09 




