                1.E-03            588.487E+06  
                2.E-03             1.17691E+09
                3.E-03             1.76528E+09
                4.E-03             2.35359E+09
                5.E-03             2.94183E+09
                6.E-03             3.53002E+09
                7.E-03             4.11814E+09
                8.E-03             4.70617E+09
                9.E-03             5.2921E+09 
               10.E-03             5.87379E+09
               11.E-03             6.45004E+09
               12.E-03             7.01986E+09
               13.E-03             7.58229E+09
               14.E-03             8.13634E+09
               15.E-03             8.68092E+09
               16.E-03             9.21448E+09
               17.E-03             9.73432E+09
               18.E-03            10.2285E+09 
               19.E-03            10.699E+09  
               20.E-03            11.1519E+09 
               21.E-03            11.5877E+09 
               22.E-03            12.006E+09  
               23.E-03            12.4094E+09 
               24.E-03            12.7971E+09 
               25.E-03            13.1708E+09 
               26.E-03            13.5306E+09 
               27.E-03            13.8775E+09 
               28.E-03            14.2118E+09 
               29.E-03            14.5345E+09 
               30.E-03            14.846E+09  
               31.E-03            15.1469E+09 
               32.E-03            15.4378E+09 
               33.E-03            15.7193E+09 
               34.E-03            15.9917E+09 
               35.E-03            16.2556E+09 
               36.E-03            16.5115E+09 
               37.E-03            16.7596E+09 
               38.E-03            17.0005E+09 
               39.E-03            17.2343E+09 
               40.E-03            17.4616E+09 
               41.E-03            17.6826E+09 
               42.E-03            17.8976E+09 
               43.E-03            18.1068E+09 
               44.E-03            18.3106E+09 
               45.E-03            18.5091E+09 
               46.E-03            18.7027E+09 
               47.E-03            18.8914E+09 
               48.E-03            19.0755E+09 
               49.E-03            19.255E+09  
               50.E-03            19.4299E+09 
               51.E-03            19.5998E+09 
               52.E-03            19.7647E+09 
               53.E-03            19.9251E+09 
               54.E-03            20.0814E+09 
               55.E-03            20.2339E+09 
               56.E-03            20.3829E+09 
               57.E-03            20.5287E+09 
               58.E-03            20.6714E+09 
               59.E-03            20.8113E+09 
               60.E-03            20.9483E+09 
               61.E-03            21.0828E+09 
               62.E-03            21.2148E+09 
               63.E-03            21.3444E+09 
               64.E-03            21.4716E+09 
               65.E-03            21.5967E+09 
               66.E-03            21.7196E+09 
               67.E-03            21.8404E+09 
               68.E-03            21.9591E+09 
               69.E-03            22.0759E+09 
               70.E-03            22.1907E+09 
               71.E-03            22.3035E+09 
               72.E-03            22.4143E+09 
               73.E-03            22.5234E+09 
               74.E-03            22.6308E+09 
               75.E-03            22.7364E+09 
               76.E-03            22.8404E+09 
               77.E-03            22.9428E+09 
               78.E-03            23.0437E+09 
               79.E-03            23.143E+09  
               80.E-03            23.2408E+09 
               81.E-03            23.3372E+09 
               82.E-03            23.4322E+09 
               83.E-03            23.5258E+09 
               84.E-03            23.6181E+09 
               85.E-03            23.709E+09  
               86.E-03            23.7987E+09 
               87.E-03            23.8871E+09 
               88.E-03            23.9743E+09 
               89.E-03            24.0603E+09 
               90.E-03            24.1451E+09 
               91.E-03            24.2289E+09 
               92.E-03            24.3116E+09 
               93.E-03            24.3932E+09 
               94.E-03            24.4737E+09 
               95.E-03            24.5533E+09 
               96.E-03            24.6319E+09 
               97.E-03            24.7095E+09 
               98.E-03            24.7861E+09 
               99.E-03            24.8618E+09 
              100.E-03            24.9366E+09 
              101.E-03            25.0105E+09 
              102.E-03            25.0834E+09 
              103.E-03            25.1555E+09 
              104.E-03            25.2267E+09 
              105.E-03            25.297E+09  
              106.E-03            25.3666E+09 
              107.E-03            25.4353E+09 
              108.E-03            25.5032E+09 
              109.E-03            25.5704E+09 
              110.E-03            25.6368E+09 
              111.E-03            25.7025E+09 
              112.E-03            25.7674E+09 
              113.E-03            25.8316E+09 
              114.E-03            25.8951E+09 
              115.E-03            25.9579E+09 
              116.E-03            26.02E+09   
              117.E-03            26.0814E+09 
              118.E-03            26.1421E+09 
              119.E-03            26.2022E+09 
              120.E-03            26.2617E+09 
              121.E-03            26.3205E+09 
              122.E-03            26.3787E+09 
              123.E-03            26.4363E+09 
              124.E-03            26.4933E+09 
              125.E-03            26.5497E+09 
              126.E-03            26.6055E+09 
              127.E-03            26.6607E+09 
              128.E-03            26.7154E+09 
              129.E-03            26.7695E+09 
              130.E-03            26.823E+09  
              131.E-03            26.876E+09  
              132.E-03            26.9285E+09 
              133.E-03            26.9804E+09 
              134.E-03            27.0318E+09 
              135.E-03            27.0826E+09 
              136.E-03            27.133E+09  
              137.E-03            27.1829E+09 
              138.E-03            27.2323E+09 
              139.E-03            27.2811E+09 
              140.E-03            27.3295E+09 
              141.E-03            27.3775E+09 
              142.E-03            27.4249E+09 
              143.E-03            27.4719E+09 
              144.E-03            27.5184E+09 
              145.E-03            27.5645E+09 
              146.E-03            27.6101E+09 
              147.E-03            27.6553E+09 
              148.E-03            27.7E+09    
              149.E-03            27.7443E+09 
              150.E-03            27.7882E+09 
              151.E-03            27.8317E+09 
              152.E-03            27.8747E+09 
              153.E-03            27.9174E+09 
              154.E-03            27.9596E+09 
              155.E-03            28.0014E+09 
              156.E-03            28.0428E+09 
              157.E-03            28.0838E+09 
              158.E-03            28.1244E+09 
              159.E-03            28.1647E+09 
              160.E-03            28.2045E+09 
              161.E-03            28.244E+09  
              162.E-03            28.2831E+09 
              163.E-03            28.3218E+09 
              164.E-03            28.3601E+09 
              165.E-03            28.3981E+09 
              166.E-03            28.4357E+09 
              167.E-03            28.473E+09  
              168.E-03            28.5099E+09 
              169.E-03            28.5464E+09 
              170.E-03            28.5826E+09 
              171.E-03            28.6184E+09 
              172.E-03            28.6539E+09 
              173.E-03            28.6891E+09 
              174.E-03            28.7239E+09 
              175.E-03            28.7584E+09 
              176.E-03            28.7926E+09 
              177.E-03            28.8264E+09 
              178.E-03            28.8599E+09 
              179.E-03            28.8931E+09 
              180.E-03            28.926E+09  
              181.E-03            28.9585E+09 
              182.E-03            28.9907E+09 
              183.E-03            29.0226E+09 
              184.E-03            29.0542E+09 
              185.E-03            29.0855E+09 
              186.E-03            29.1165E+09 
              187.E-03            29.1472E+09 
              188.E-03            29.1775E+09 
              189.E-03            29.2076E+09 
              190.E-03            29.2374E+09 
              191.E-03            29.2669E+09 
              192.E-03            29.296E+09  
              193.E-03            29.3249E+09 
              194.E-03            29.3535E+09 
              195.E-03            29.3818E+09 
              196.E-03            29.4098E+09 
              197.E-03            29.4375E+09 
              198.E-03            29.465E+09  
              199.E-03            29.4921E+09 
              200.E-03            29.519E+09  
              201.E-03            29.5456E+09 
              202.E-03            29.5719E+09 
              203.E-03            29.598E+09  
              204.E-03            29.6237E+09 
              205.E-03            29.6492E+09 
              206.E-03            29.6744E+09 
              207.E-03            29.6994E+09 
              208.E-03            29.724E+09  
              209.E-03            29.7484E+09 
              210.E-03            29.7726E+09 
              211.E-03            29.7965E+09 
              212.E-03            29.8201E+09 
              213.E-03            29.8434E+09 
              214.E-03            29.8665E+09 
              215.E-03            29.8893E+09 
              216.E-03            29.9118E+09 
              217.E-03            29.9341E+09 
              218.E-03            29.9562E+09 
              219.E-03            29.9779E+09 
              220.E-03            29.9995E+09 
              221.E-03            30.0207E+09 
              222.E-03            30.0417E+09 
              223.E-03            30.0625E+09 
              224.E-03            30.083E+09  
              225.E-03            30.1032E+09 
              226.E-03            30.1232E+09 
              227.E-03            30.1429E+09 
              228.E-03            30.1624E+09 
              229.E-03            30.1817E+09 
              230.E-03            30.2007E+09 
              231.E-03            30.2194E+09 
              232.E-03            30.2379E+09 
              233.E-03            30.2561E+09 
              234.E-03            30.2741E+09 
              235.E-03            30.2918E+09 
              236.E-03            30.3093E+09 
              237.E-03            30.3266E+09 
              238.E-03            30.3436E+09 
              239.E-03            30.3603E+09 
              240.E-03            30.3768E+09 
              241.E-03            30.3931E+09 
              242.E-03            30.4091E+09 
              243.E-03            30.4249E+09 
              244.E-03            30.4404E+09 
              245.E-03            30.4557E+09 
              246.E-03            30.4707E+09 
              247.E-03            30.4855E+09 
              248.E-03            30.5001E+09 
              249.E-03            30.5144E+09 
              250.E-03            30.5284E+09 
              251.E-03            30.5422E+09 
              252.E-03            30.5558E+09 
              253.E-03            30.5691E+09 
              254.E-03            30.5822E+09 
              255.E-03            30.595E+09  
              256.E-03            30.6076E+09 
              257.E-03            30.6199E+09 
              258.E-03            30.632E+09  
              259.E-03            30.6439E+09 
              260.E-03            30.6555E+09 
              261.E-03            30.6668E+09 
              262.E-03            30.6779E+09 
              263.E-03            30.6888E+09 
              264.E-03            30.6994E+09 
              265.E-03            30.7098E+09 
              266.E-03            30.7199E+09 
              267.E-03            30.7297E+09 
              268.E-03            30.7394E+09 
              269.E-03            30.7487E+09 
              270.E-03            30.7578E+09 
              271.E-03            30.7667E+09 
              272.E-03            30.7753E+09 
              273.E-03            30.7837E+09 
              274.E-03            30.7917E+09 
              275.E-03            30.7996E+09 
              276.E-03            30.8072E+09 
              277.E-03            30.8145E+09 
              278.E-03            30.8216E+09 
              279.E-03            30.8284E+09 
              280.E-03            30.835E+09  
              281.E-03            30.8413E+09 
              282.E-03            30.8473E+09 
              283.E-03            30.8531E+09 
              284.E-03            30.8586E+09 
              285.E-03            30.8638E+09 
              286.E-03            30.8688E+09 
              287.E-03            30.8735E+09 
              288.E-03            30.8779E+09 
              289.E-03            30.8821E+09 
              290.E-03            30.886E+09  
              291.E-03            30.8896E+09 
              292.E-03            30.893E+09  
              293.E-03            30.8961E+09 
              294.E-03            30.8988E+09 
              295.E-03            30.9014E+09 
              296.E-03            30.9036E+09 
              297.E-03            30.9056E+09 
              298.E-03            30.9072E+09 
              299.E-03            30.9086E+09 
              300.E-03            30.9097E+09 
              301.E-03            30.9105E+09 
              302.E-03            30.911E+09  
              303.E-03            30.9114E+09 
              304.E-03            30.9111E+09 
              305.E-03            30.9107E+09 
              306.E-03            30.91E+09   
              307.E-03            30.909E+09  
              308.E-03            30.9077E+09 
              309.E-03            30.9061E+09 
              310.E-03            30.9042E+09 
              311.E-03            30.902E+09  
              312.E-03            30.8994E+09 
              313.E-03            30.8965E+09 
              314.E-03            30.8934E+09 
              315.E-03            30.8898E+09 
              316.E-03            30.886E+09  
              317.E-03            30.8818E+09 
              318.E-03            30.8773E+09 
              319.E-03            30.8725E+09 
              320.E-03            30.8673E+09 
              321.E-03            30.8618E+09 
              322.E-03            30.8559E+09 
              323.E-03            30.8497E+09 
              324.E-03            30.8431E+09 
              325.E-03            30.8362E+09 
              326.E-03            30.8289E+09 
              327.E-03            30.8212E+09 
              328.E-03            30.8132E+09 
              329.E-03            30.8048E+09 
              330.E-03            30.796E+09  
              331.E-03            30.7868E+09 
              332.E-03            30.7772E+09 
              333.E-03            30.7672E+09 
              334.E-03            30.7569E+09 
              335.E-03            30.7461E+09 
              336.E-03            30.7349E+09 
              337.E-03            30.7233E+09 
              338.E-03            30.7113E+09 
              339.E-03            30.6988E+09 
              340.E-03            30.6859E+09 
              341.E-03            30.6725E+09 
              342.E-03            30.6587E+09 
              343.E-03            30.6444E+09 
              344.E-03            30.6297E+09 
              345.E-03            30.6145E+09 
              346.E-03            30.5987E+09 
              347.E-03            30.5825E+09 
              348.E-03            30.5657E+09 
              349.E-03            30.5485E+09 
              350.E-03            30.5306E+09 
              351.E-03            30.5123E+09 
              352.E-03            30.4933E+09 
              353.E-03            30.4738E+09 
              354.E-03            30.4536E+09 
              355.E-03            30.4328E+09 
              356.E-03            30.4114E+09 
              357.E-03            30.3893E+09 
              358.E-03            30.3665E+09 
              359.E-03            30.3429E+09 
              360.E-03            30.3186E+09 
              361.E-03            30.2934E+09 
              362.E-03            30.2674E+09 
              363.E-03            30.2404E+09 
              364.E-03            30.2124E+09 
              365.E-03            30.1832E+09 
              366.E-03            30.1529E+09 
              367.E-03            30.1209E+09 
              368.E-03            30.0866E+09 
              368.25E-03          30.0777E+09 
              368.625E-03         30.0632E+09 
              368.766E-03         30.0572E+09 
              368.977E-03         30.0466E+09 
              369.293E-03         30.0217E+09 
              369.609E-03         29.9783E+09 
              369.768E-03         29.9475E+09 
              369.926E-03         29.9073E+09 
              369.985E-03         29.8892E+09 
              370.044E-03         29.8707E+09 
              370.104E-03         29.8509E+09 
              370.193E-03         29.8149E+09 
              370.282E-03         29.777E+09  
              370.348E-03         29.7476E+09 
              370.382E-03         29.7298E+09 
              370.407E-03         29.7172E+09 
              370.432E-03         29.7042E+09 
              370.457E-03         29.6913E+09 
              370.467E-03         29.6859E+09 
              370.477E-03         29.6806E+09 
              370.487E-03         29.6752E+09 
              370.497E-03         29.6696E+09 
              370.507E-03         29.6642E+09 
              370.517E-03         29.6586E+09 
              370.527E-03         29.6528E+09 
              370.537E-03         29.6473E+09 
              370.537E-03         29.6473E+09 




