                1.E-03            29.814E+06  
                2.E-03            59.6269E+06 
                3.E-03            89.4389E+06 
                4.E-03           119.25E+06   
                5.E-03           149.06E+06   
                6.E-03           178.869E+06  
                7.E-03           208.677E+06  
                8.E-03           238.484E+06  
                9.E-03           268.29E+06   
               10.E-03           298.095E+06  
               11.E-03           327.898E+06  
               12.E-03           357.701E+06  
               13.E-03           387.504E+06  
               14.E-03           417.304E+06  
               15.E-03           447.104E+06  
               16.E-03           476.903E+06  
               17.E-03           506.701E+06  
               18.E-03           536.498E+06  
               19.E-03           566.294E+06  
               20.E-03           596.088E+06  
               21.E-03           625.884E+06  
               22.E-03           655.676E+06  
               23.E-03           685.467E+06  
               24.E-03           715.258E+06  
               25.E-03           745.049E+06  
               26.E-03           774.838E+06  
               27.E-03           804.624E+06  
               28.E-03           834.411E+06  
               29.E-03           864.198E+06  
               30.E-03           893.982E+06  
               31.E-03           923.767E+06  
               32.E-03           953.549E+06  
               33.E-03           983.33E+06   
               34.E-03             1.01311E+09
               35.E-03             1.04289E+09
               36.E-03             1.07267E+09
               37.E-03             1.10245E+09
               38.E-03             1.13222E+09
               39.E-03             1.162E+09  
               40.E-03             1.19178E+09
               41.E-03             1.22155E+09
               42.E-03             1.25132E+09
               43.E-03             1.28109E+09
               44.E-03             1.31087E+09
               45.E-03             1.34063E+09
               46.E-03             1.3704E+09 
               47.E-03             1.40017E+09
               48.E-03             1.42994E+09
               49.E-03             1.4597E+09 
               50.E-03             1.48947E+09
               51.E-03             1.51923E+09
               52.E-03             1.54899E+09
               53.E-03             1.57876E+09
               54.E-03             1.60852E+09
               55.E-03             1.63828E+09
               56.E-03             1.66803E+09
               57.E-03             1.69779E+09
               58.E-03             1.72755E+09
               59.E-03             1.75731E+09
               60.E-03             1.78706E+09
               61.E-03             1.81682E+09
               62.E-03             1.84657E+09
               63.E-03             1.87632E+09
               64.E-03             1.90607E+09
               65.E-03             1.93582E+09
               66.E-03             1.96557E+09
               67.E-03             1.99531E+09
               68.E-03             2.02506E+09
               69.E-03             2.05481E+09
               70.E-03             2.08455E+09
               71.E-03             2.1143E+09 
               72.E-03             2.14404E+09
               73.E-03             2.17378E+09
               74.E-03             2.20352E+09
               75.E-03             2.23326E+09
               76.E-03             2.263E+09  
               77.E-03             2.29274E+09
               78.E-03             2.32247E+09
               79.E-03             2.35221E+09
               80.E-03             2.38195E+09
               81.E-03             2.41168E+09
               82.E-03             2.44141E+09
               83.E-03             2.47115E+09
               84.E-03             2.50087E+09
               85.E-03             2.53061E+09
               86.E-03             2.56033E+09
               87.E-03             2.59007E+09
               88.E-03             2.61979E+09
               89.E-03             2.64951E+09
               90.E-03             2.67924E+09
               91.E-03             2.70896E+09
               92.E-03             2.73868E+09
               93.E-03             2.76841E+09
               94.E-03             2.79813E+09
               95.E-03             2.82784E+09
               96.E-03             2.85757E+09
               97.E-03             2.88728E+09
               98.E-03             2.917E+09  
               99.E-03             2.94671E+09
              100.E-03             2.97643E+09
              101.E-03             3.00614E+09
              102.E-03             3.03586E+09
              103.E-03             3.06557E+09
              104.E-03             3.09528E+09
              105.E-03             3.12499E+09
              106.E-03             3.1547E+09 
              107.E-03             3.1844E+09 
              108.E-03             3.21411E+09
              109.E-03             3.24382E+09
              110.E-03             3.27352E+09
              111.E-03             3.30322E+09
              112.E-03             3.33291E+09
              113.E-03             3.3626E+09 
              114.E-03             3.39228E+09
              115.E-03             3.42196E+09
              116.E-03             3.45163E+09
              117.E-03             3.48129E+09
              118.E-03             3.51094E+09
              119.E-03             3.54059E+09
              120.E-03             3.57023E+09
              121.E-03             3.59987E+09
              122.E-03             3.6295E+09 
              123.E-03             3.65912E+09
              124.E-03             3.68873E+09
              125.E-03             3.71833E+09
              126.E-03             3.74792E+09
              127.E-03             3.77751E+09
              128.E-03             3.80709E+09
              129.E-03             3.83665E+09
              130.E-03             3.8662E+09 
              131.E-03             3.89575E+09
              132.E-03             3.92529E+09
              133.E-03             3.95481E+09
              134.E-03             3.98432E+09
              135.E-03             4.01383E+09
              136.E-03             4.04332E+09
              137.E-03             4.07281E+09
              138.E-03             4.10227E+09
              139.E-03             4.13173E+09
              140.E-03             4.16118E+09
              141.E-03             4.19061E+09
              142.E-03             4.22003E+09
              143.E-03             4.24944E+09
              144.E-03             4.27884E+09
              145.E-03             4.30823E+09
              146.E-03             4.3376E+09 
              147.E-03             4.36696E+09
              148.E-03             4.3963E+09 
              149.E-03             4.42563E+09
              150.E-03             4.45494E+09
              151.E-03             4.48425E+09
              152.E-03             4.51353E+09
              153.E-03             4.54281E+09
              154.E-03             4.57208E+09
              155.E-03             4.60131E+09
              156.E-03             4.63054E+09
              157.E-03             4.65976E+09
              158.E-03             4.68895E+09
              159.E-03             4.71813E+09
              160.E-03             4.7473E+09 
              161.E-03             4.77644E+09
              162.E-03             4.80557E+09
              163.E-03             4.83469E+09
              164.E-03             4.86379E+09
              165.E-03             4.89287E+09
              166.E-03             4.92194E+09
              167.E-03             4.95097E+09
              168.E-03             4.98001E+09
              169.E-03             5.00901E+09
              170.E-03             5.03799E+09
              171.E-03             5.06697E+09
              172.E-03             5.09591E+09
              173.E-03             5.12485E+09
              174.E-03             5.15375E+09
              175.E-03             5.18264E+09
              176.E-03             5.21151E+09
              177.E-03             5.24035E+09
              178.E-03             5.26917E+09
              179.E-03             5.29798E+09
              180.E-03             5.32675E+09
              181.E-03             5.35551E+09
              182.E-03             5.38424E+09
              183.E-03             5.41295E+09
              184.E-03             5.44163E+09
              185.E-03             5.4703E+09 
              186.E-03             5.49893E+09
              187.E-03             5.52754E+09
              188.E-03             5.55613E+09
              189.E-03             5.58469E+09
              190.E-03             5.61322E+09
              191.E-03             5.64172E+09
              192.E-03             5.67019E+09
              193.E-03             5.69864E+09
              194.E-03             5.72706E+09
              195.E-03             5.75545E+09
              196.E-03             5.7838E+09 
              197.E-03             5.81212E+09
              198.E-03             5.84042E+09
              199.E-03             5.86868E+09
              200.E-03             5.89691E+09
              201.E-03             5.92509E+09
              202.E-03             5.95327E+09
              203.E-03             5.98139E+09
              204.E-03             6.00946E+09
              205.E-03             6.03752E+09
              206.E-03             6.06552E+09
              207.E-03             6.09351E+09
              208.E-03             6.12144E+09
              209.E-03             6.14932E+09
              210.E-03             6.17717E+09
              211.E-03             6.20498E+09
              212.E-03             6.23274E+09
              213.E-03             6.26045E+09
              214.E-03             6.28813E+09
              215.E-03             6.31575E+09
              216.E-03             6.34332E+09
              217.E-03             6.37084E+09
              218.E-03             6.39832E+09
              219.E-03             6.42574E+09
              220.E-03             6.45309E+09
              221.E-03             6.48041E+09
              222.E-03             6.50766E+09
              223.E-03             6.53485E+09
              224.E-03             6.56197E+09
              225.E-03             6.58904E+09
              226.E-03             6.61604E+09
              227.E-03             6.64295E+09
              228.E-03             6.66982E+09
              229.E-03             6.6966E+09 
              230.E-03             6.72331E+09
              231.E-03             6.74995E+09
              232.E-03             6.77648E+09
              233.E-03             6.80294E+09
              234.E-03             6.82932E+09
              235.E-03             6.85559E+09
              236.E-03             6.88177E+09
              237.E-03             6.90785E+09
              238.E-03             6.93383E+09
              239.E-03             6.95968E+09
              239.25E-03           6.96612E+09
              239.625E-03          6.97578E+09
              240.188E-03          6.99021E+09
              241.031E-03          7.01181E+09
              242.031E-03          7.03727E+09
              243.031E-03          7.06258E+09
              244.031E-03          7.0877E+09 
              245.031E-03          7.11213E+09
              246.031E-03          7.13493E+09
              247.031E-03          7.15345E+09
              248.031E-03          7.16942E+09
              249.031E-03          7.18376E+09
              250.031E-03          7.19684E+09
              251.031E-03          7.20886E+09
              252.031E-03          7.22003E+09
              253.031E-03          7.23045E+09
              254.031E-03          7.24019E+09
              255.031E-03          7.24935E+09
              256.031E-03          7.25793E+09
              257.031E-03          7.26605E+09
              258.031E-03          7.27367E+09
              259.031E-03          7.28088E+09
              260.031E-03          7.28773E+09
              261.031E-03          7.29418E+09
              262.031E-03          7.30031E+09
              263.031E-03          7.30614E+09
              264.031E-03          7.31165E+09
              265.031E-03          7.31689E+09
              266.031E-03          7.32186E+09
              267.031E-03          7.32658E+09
              268.031E-03          7.33105E+09
              269.031E-03          7.33531E+09
              270.031E-03          7.3393E+09 
              271.031E-03          7.34312E+09
              272.031E-03          7.34672E+09
              273.031E-03          7.35009E+09
              274.031E-03          7.35327E+09
              275.031E-03          7.35627E+09
              276.031E-03          7.35907E+09
              277.031E-03          7.3617E+09 
              278.031E-03          7.36414E+09
              279.031E-03          7.3664E+09 
              280.031E-03          7.36846E+09
              281.031E-03          7.37032E+09
              282.031E-03          7.37199E+09
              283.031E-03          7.37345E+09
              284.031E-03          7.37468E+09
              285.031E-03          7.37557E+09
              286.031E-03          7.37628E+09
              287.031E-03          7.37689E+09
              288.031E-03          7.37735E+09
              289.031E-03          7.37773E+09
              290.031E-03          7.37797E+09
              291.031E-03          7.37813E+09
              292.031E-03          7.37814E+09
              293.031E-03          7.37807E+09
              294.031E-03          7.37786E+09
              295.031E-03          7.37757E+09
              296.031E-03          7.37712E+09
              297.031E-03          7.37661E+09
              298.031E-03          7.37595E+09
              299.031E-03          7.37522E+09
              300.031E-03          7.37433E+09
              301.031E-03          7.37337E+09
              302.031E-03          7.37227E+09
              303.031E-03          7.37109E+09
              304.031E-03          7.36976E+09
              305.031E-03          7.36831E+09
              306.031E-03          7.36681E+09
              307.031E-03          7.36515E+09
              308.031E-03          7.36336E+09
              309.031E-03          7.36151E+09
              310.031E-03          7.3595E+09 
              311.031E-03          7.35736E+09
              312.031E-03          7.35512E+09
              313.031E-03          7.35277E+09
              314.031E-03          7.35029E+09
              315.031E-03          7.34768E+09
              316.031E-03          7.34496E+09
              317.031E-03          7.34212E+09
              318.031E-03          7.33915E+09
              319.031E-03          7.33606E+09
              320.031E-03          7.33285E+09
              321.031E-03          7.32952E+09
              322.031E-03          7.32606E+09
              323.031E-03          7.32249E+09
              324.031E-03          7.31882E+09
              325.031E-03          7.31497E+09
              326.031E-03          7.31103E+09
              327.031E-03          7.30694E+09
              328.031E-03          7.30276E+09
              329.031E-03          7.29841E+09
              330.031E-03          7.29399E+09
              331.031E-03          7.28939E+09
              332.031E-03          7.28471E+09
              333.031E-03          7.27986E+09
              334.031E-03          7.27488E+09
              335.031E-03          7.26982E+09
              336.031E-03          7.26457E+09
              337.031E-03          7.25923E+09
              338.031E-03          7.25369E+09
              339.031E-03          7.24809E+09
              340.031E-03          7.24223E+09
              341.031E-03          7.23634E+09
              342.031E-03          7.23023E+09
              343.031E-03          7.22404E+09
              344.031E-03          7.21763E+09
              345.031E-03          7.21107E+09
              346.031E-03          7.20436E+09
              347.031E-03          7.1975E+09 
              348.031E-03          7.19044E+09
              349.031E-03          7.18322E+09
              350.031E-03          7.17582E+09
              351.031E-03          7.16824E+09
              352.031E-03          7.16048E+09
              353.031E-03          7.1525E+09 
              354.031E-03          7.14433E+09
              355.031E-03          7.13598E+09
              356.031E-03          7.12738E+09
              357.031E-03          7.11862E+09
              358.031E-03          7.10958E+09
              359.031E-03          7.10031E+09
              360.031E-03          7.09082E+09
              361.031E-03          7.08111E+09
              362.031E-03          7.07111E+09
              363.031E-03          7.0608E+09 
              364.031E-03          7.05028E+09
              365.031E-03          7.03946E+09
              366.031E-03          7.02833E+09
              367.031E-03          7.01689E+09
              368.031E-03          7.00513E+09
              369.031E-03          6.99302E+09
              370.031E-03          6.98057E+09
              371.031E-03          6.96775E+09
              372.031E-03          6.95449E+09
              373.031E-03          6.94092E+09
              374.031E-03          6.92684E+09
              375.031E-03          6.91242E+09
              376.031E-03          6.89743E+09
              377.031E-03          6.88206E+09
              378.031E-03          6.86602E+09
              379.031E-03          6.84954E+09
              380.031E-03          6.83248E+09
              381.031E-03          6.81479E+09
              382.031E-03          6.79645E+09
              383.031E-03          6.77742E+09
              384.031E-03          6.75756E+09
              385.031E-03          6.73704E+09
              386.031E-03          6.71552E+09
              387.031E-03          6.69324E+09
              388.031E-03          6.66978E+09
              389.031E-03          6.64533E+09
              390.031E-03          6.61969E+09
              391.031E-03          6.59273E+09
              391.531E-03          6.57884E+09
              392.031E-03          6.56446E+09
              392.531E-03          6.54981E+09
              393.031E-03          6.53467E+09
              393.531E-03          6.51919E+09
              394.031E-03          6.50312E+09
              394.531E-03          6.48658E+09
              395.031E-03          6.46952E+09
              395.531E-03          6.45191E+09
              396.031E-03          6.43369E+09
              396.531E-03          6.4148E+09 
              397.031E-03          6.3951E+09 
              397.531E-03          6.37477E+09
              398.031E-03          6.35347E+09
              398.531E-03          6.33124E+09
              399.031E-03          6.30807E+09
              399.281E-03          6.29616E+09
              399.531E-03          6.28393E+09
              399.906E-03          6.26482E+09
              400.281E-03          6.245E+09  
              400.656E-03          6.22437E+09
              400.844E-03          6.21377E+09
              401.031E-03          6.2029E+09 
              401.313E-03          6.18607E+09
              401.594E-03          6.16854E+09
              401.875E-03          6.15044E+09
              402.156E-03          6.13144E+09
              402.297E-03          6.12165E+09
              402.438E-03          6.11173E+09
              402.648E-03          6.09614E+09
              402.859E-03          6.08011E+09
              403.07E-03           6.06338E+09
              403.176E-03          6.05487E+09
              403.281E-03          6.04606E+09
              403.439E-03          6.03255E+09
              403.677E-03          6.0111E+09 
              403.795E-03          5.99986E+09
              403.914E-03          5.98844E+09
              404.033E-03          5.97673E+09
              404.122E-03          5.96762E+09
              404.255E-03          5.95344E+09
              404.389E-03          5.93856E+09
              404.522E-03          5.92303E+09
              404.656E-03          5.90672E+09
              404.789E-03          5.88949E+09
              404.856E-03          5.88061E+09
              404.923E-03          5.87121E+09
              404.989E-03          5.86175E+09
              405.056E-03          5.85211E+09
              405.106E-03          5.84426E+09
              405.156E-03          5.83639E+09
              405.206E-03          5.82844E+09
              405.244E-03          5.82245E+09
              405.244E-03          5.82245E+09




