/*--------------------------------*- C++ -*----------------------------------*\
| =========                 |                                                 |
| \\      /  F ield         | foam-extend: Open Source CFD                    |
|  \\    /   O peration     | Version:     4.0                                |
|   \\  /    A nd           | Web:         http://www.foam-extend.org         |
|    \\/     M anipulation  |                                                 |
\*---------------------------------------------------------------------------*/
FoamFile
{
    version     2.0;
    format      ascii;
    class       vectorField;
    location    "constant/polyMesh";
    object      points;
}
// * * * * * * * * * * * * * * * * * * * * * * * * * * * * * * * * * * * * * //


1124
(
(0 0 0)
(0.0006171428571 0 0)
(0.001234285714 0 0)
(0.001851428571 0 0)
(0.002468571429 0 0)
(0.003085714286 0 0)
(0.003702857143 0 0)
(0.00432 0 0)
(0 0.0008465078323 0)
(0.0006246702402 0.0008596156148 0)
(0.00124934048 0.0008727233973 0)
(0.00187401072 0.0008858311798 0)
(0.002498680961 0.0008989389623 0)
(0.003123351201 0.0009120467448 0)
(0.003748021441 0.0009251545273 0)
(0.004372691681 0.0009382623097 0)
(0 0.001693015665 0)
(0.000647157728 0.001717545631 0)
(0.001294315456 0.001742075597 0)
(0.001941473184 0.001766605563 0)
(0.002588630912 0.001791135529 0)
(0.00323578864 0.001815665495 0)
(0.003882946368 0.001840195461 0)
(0.004530104096 0.001864725427 0)
(0 0.002539523497 0)
(0.0006843225274 0.002572125646 0)
(0.001368645055 0.002604727795 0)
(0.002052967582 0.002637329944 0)
(0.00273729011 0.002669932093 0)
(0.003421612637 0.002702534241 0)
(0.004105935165 0.00273513639 0)
(0.004790257692 0.002767738539 0)
(0 0.003386031329 0)
(0.0007356972696 0.003421733387 0)
(0.001471394539 0.003457435445 0)
(0.002207091809 0.003493137503 0)
(0.002942789078 0.00352883956 0)
(0.003678486348 0.003564541618 0)
(0.004414183617 0.003600243676 0)
(0.005149880887 0.003635945734 0)
(0 0.004232539162 0)
(0.0008006358872 0.00426480911 0)
(0.001601271774 0.004297079059 0)
(0.002401907662 0.004329349007 0)
(0.003202543549 0.004361618956 0)
(0.004003179436 0.004393888904 0)
(0.004803815323 0.004426158853 0)
(0.00560445121 0.004458428801 0)
(0 0.005079046994 0)
(0.0008783217396 0.005099875215 0)
(0.001756643479 0.005120703436 0)
(0.002634965219 0.005141531656 0)
(0.003513286958 0.005162359877 0)
(0.004391608698 0.005183188098 0)
(0.005269930437 0.005204016319 0)
(0.006148252177 0.00522484454 0)
(0 0.005925554826 0)
(0.000967777882 0.005925554826 0)
(0.001935555764 0.005925554826 0)
(0.002903333646 0.005925554826 0)
(0.003871111528 0.005925554826 0)
(0.00483888941 0.005925554826 0)
(0.005806667292 0.005925554826 0)
(0.006774445174 0.005925554826 0)
(0 0 0.00079)
(0.0006171428571 0 0.00079)
(0.001234285714 0 0.00079)
(0.001851428571 0 0.00079)
(0.002468571429 0 0.00079)
(0.003085714286 0 0.00079)
(0.003702857143 0 0.00079)
(0.00432 0 0.00079)
(0 0.0008465078323 0.00079)
(0.0006246702402 0.0008596156148 0.00079)
(0.00124934048 0.0008727233973 0.00079)
(0.00187401072 0.0008858311798 0.00079)
(0.002498680961 0.0008989389623 0.00079)
(0.003123351201 0.0009120467448 0.00079)
(0.003748021441 0.0009251545273 0.00079)
(0.004372691681 0.0009382623097 0.00079)
(0 0.001693015665 0.00079)
(0.000647157728 0.001717545631 0.00079)
(0.001294315456 0.001742075597 0.00079)
(0.001941473184 0.001766605563 0.00079)
(0.002588630912 0.001791135529 0.00079)
(0.00323578864 0.001815665495 0.00079)
(0.003882946368 0.001840195461 0.00079)
(0.004530104096 0.001864725427 0.00079)
(0 0.002539523497 0.00079)
(0.0006843225274 0.002572125646 0.00079)
(0.001368645055 0.002604727795 0.00079)
(0.002052967582 0.002637329944 0.00079)
(0.00273729011 0.002669932093 0.00079)
(0.003421612637 0.002702534241 0.00079)
(0.004105935165 0.00273513639 0.00079)
(0.004790257692 0.002767738539 0.00079)
(0 0.003386031329 0.00079)
(0.0007356972696 0.003421733387 0.00079)
(0.001471394539 0.003457435445 0.00079)
(0.002207091809 0.003493137503 0.00079)
(0.002942789078 0.00352883956 0.00079)
(0.003678486348 0.003564541618 0.00079)
(0.004414183617 0.003600243676 0.00079)
(0.005149880887 0.003635945734 0.00079)
(0 0.004232539162 0.00079)
(0.0008006358872 0.00426480911 0.00079)
(0.001601271774 0.004297079059 0.00079)
(0.002401907662 0.004329349007 0.00079)
(0.003202543549 0.004361618956 0.00079)
(0.004003179436 0.004393888904 0.00079)
(0.004803815323 0.004426158853 0.00079)
(0.00560445121 0.004458428801 0.00079)
(0 0.005079046994 0.00079)
(0.0008783217396 0.005099875215 0.00079)
(0.001756643479 0.005120703436 0.00079)
(0.002634965219 0.005141531656 0.00079)
(0.003513286958 0.005162359877 0.00079)
(0.004391608698 0.005183188098 0.00079)
(0.005269930437 0.005204016319 0.00079)
(0.006148252177 0.00522484454 0.00079)
(0 0.005925554826 0.00079)
(0.000967777882 0.005925554826 0.00079)
(0.001935555764 0.005925554826 0.00079)
(0.002903333646 0.005925554826 0.00079)
(0.003871111528 0.005925554826 0.00079)
(0.00483888941 0.005925554826 0.00079)
(0.005806667292 0.005925554826 0.00079)
(0.006774445174 0.005925554826 0.00079)
(0 0 0.00158)
(0.0006171428571 0 0.00158)
(0.001234285714 0 0.00158)
(0.001851428571 0 0.00158)
(0.002468571429 0 0.00158)
(0.003085714286 0 0.00158)
(0.003702857143 0 0.00158)
(0.00432 0 0.00158)
(0 0.0008465078323 0.00158)
(0.0006246702402 0.0008596156148 0.00158)
(0.00124934048 0.0008727233973 0.00158)
(0.00187401072 0.0008858311798 0.00158)
(0.002498680961 0.0008989389623 0.00158)
(0.003123351201 0.0009120467448 0.00158)
(0.003748021441 0.0009251545273 0.00158)
(0.004372691681 0.0009382623097 0.00158)
(0 0.001693015665 0.00158)
(0.000647157728 0.001717545631 0.00158)
(0.001294315456 0.001742075597 0.00158)
(0.001941473184 0.001766605563 0.00158)
(0.002588630912 0.001791135529 0.00158)
(0.00323578864 0.001815665495 0.00158)
(0.003882946368 0.001840195461 0.00158)
(0.004530104096 0.001864725427 0.00158)
(0 0.002539523497 0.00158)
(0.0006843225274 0.002572125646 0.00158)
(0.001368645055 0.002604727795 0.00158)
(0.002052967582 0.002637329944 0.00158)
(0.00273729011 0.002669932093 0.00158)
(0.003421612637 0.002702534241 0.00158)
(0.004105935165 0.00273513639 0.00158)
(0.004790257692 0.002767738539 0.00158)
(0 0.003386031329 0.00158)
(0.0007356972696 0.003421733387 0.00158)
(0.001471394539 0.003457435445 0.00158)
(0.002207091809 0.003493137503 0.00158)
(0.002942789078 0.00352883956 0.00158)
(0.003678486348 0.003564541618 0.00158)
(0.004414183617 0.003600243676 0.00158)
(0.005149880887 0.003635945734 0.00158)
(0 0.004232539162 0.00158)
(0.0008006358872 0.00426480911 0.00158)
(0.001601271774 0.004297079059 0.00158)
(0.002401907662 0.004329349007 0.00158)
(0.003202543549 0.004361618956 0.00158)
(0.004003179436 0.004393888904 0.00158)
(0.004803815323 0.004426158853 0.00158)
(0.00560445121 0.004458428801 0.00158)
(0 0.005079046994 0.00158)
(0.0008783217396 0.005099875215 0.00158)
(0.001756643479 0.005120703436 0.00158)
(0.002634965219 0.005141531656 0.00158)
(0.003513286958 0.005162359877 0.00158)
(0.004391608698 0.005183188098 0.00158)
(0.005269930437 0.005204016319 0.00158)
(0.006148252177 0.00522484454 0.00158)
(0 0.005925554826 0.00158)
(0.000967777882 0.005925554826 0.00158)
(0.001935555764 0.005925554826 0.00158)
(0.002903333646 0.005925554826 0.00158)
(0.003871111528 0.005925554826 0.00158)
(0.00483888941 0.005925554826 0.00158)
(0.005806667292 0.005925554826 0.00158)
(0.006774445174 0.005925554826 0.00158)
(0 0 0.00237)
(0.0006171428571 0 0.00237)
(0.001234285714 0 0.00237)
(0.001851428571 0 0.00237)
(0.002468571429 0 0.00237)
(0.003085714286 0 0.00237)
(0.003702857143 0 0.00237)
(0.00432 0 0.00237)
(0 0.0008465078323 0.00237)
(0.0006246702402 0.0008596156148 0.00237)
(0.00124934048 0.0008727233973 0.00237)
(0.00187401072 0.0008858311798 0.00237)
(0.002498680961 0.0008989389623 0.00237)
(0.003123351201 0.0009120467448 0.00237)
(0.003748021441 0.0009251545273 0.00237)
(0.004372691681 0.0009382623097 0.00237)
(0 0.001693015665 0.00237)
(0.000647157728 0.001717545631 0.00237)
(0.001294315456 0.001742075597 0.00237)
(0.001941473184 0.001766605563 0.00237)
(0.002588630912 0.001791135529 0.00237)
(0.00323578864 0.001815665495 0.00237)
(0.003882946368 0.001840195461 0.00237)
(0.004530104096 0.001864725427 0.00237)
(0 0.002539523497 0.00237)
(0.0006843225274 0.002572125646 0.00237)
(0.001368645055 0.002604727795 0.00237)
(0.002052967582 0.002637329944 0.00237)
(0.00273729011 0.002669932093 0.00237)
(0.003421612637 0.002702534241 0.00237)
(0.004105935165 0.00273513639 0.00237)
(0.004790257692 0.002767738539 0.00237)
(0 0.003386031329 0.00237)
(0.0007356972696 0.003421733387 0.00237)
(0.001471394539 0.003457435445 0.00237)
(0.002207091809 0.003493137503 0.00237)
(0.002942789078 0.00352883956 0.00237)
(0.003678486348 0.003564541618 0.00237)
(0.004414183617 0.003600243676 0.00237)
(0.005149880887 0.003635945734 0.00237)
(0 0.004232539162 0.00237)
(0.0008006358872 0.00426480911 0.00237)
(0.001601271774 0.004297079059 0.00237)
(0.002401907662 0.004329349007 0.00237)
(0.003202543549 0.004361618956 0.00237)
(0.004003179436 0.004393888904 0.00237)
(0.004803815323 0.004426158853 0.00237)
(0.00560445121 0.004458428801 0.00237)
(0 0.005079046994 0.00237)
(0.0008783217396 0.005099875215 0.00237)
(0.001756643479 0.005120703436 0.00237)
(0.002634965219 0.005141531656 0.00237)
(0.003513286958 0.005162359877 0.00237)
(0.004391608698 0.005183188098 0.00237)
(0.005269930437 0.005204016319 0.00237)
(0.006148252177 0.00522484454 0.00237)
(0 0.005925554826 0.00237)
(0.000967777882 0.005925554826 0.00237)
(0.001935555764 0.005925554826 0.00237)
(0.002903333646 0.005925554826 0.00237)
(0.003871111528 0.005925554826 0.00237)
(0.00483888941 0.005925554826 0.00237)
(0.005806667292 0.005925554826 0.00237)
(0.006774445174 0.005925554826 0.00237)
(0.004937142857 0 0)
(0.005554285714 0 0)
(0.006171428571 0 0)
(0.006788571429 0 0)
(0.007405714286 0 0)
(0.008022857143 0 0)
(0.00864 0 0)
(0.004985954073 0.0008691642331 0)
(0.005599216466 0.0008000661564 0)
(0.006212478858 0.0007309680797 0)
(0.006825741251 0.000661870003 0)
(0.007439003643 0.0005927719263 0)
(0.008052266035 0.0005236738497 0)
(0.008665528428 0.000454575773 0)
(0.005131773893 0.001727398222 0)
(0.00573344369 0.001590071017 0)
(0.006335113488 0.001452743812 0)
(0.006936783285 0.001315416607 0)
(0.007538453082 0.001178089402 0)
(0.008140122879 0.001040762197 0)
(0.008741792677 0.0009034349919 0)
(0.005372768547 0.002563909175 0)
(0.005955279403 0.002360079811 0)
(0.006537790258 0.002156250447 0)
(0.007120301113 0.001952421083 0)
(0.007702811968 0.001748591719 0)
(0.008285322824 0.001544762355 0)
(0.008867833679 0.001340932992 0)
(0.005705907388 0.003368177483 0)
(0.00626193389 0.003100409233 0)
(0.006817960391 0.002832640983 0)
(0.007373986892 0.002564872732 0)
(0.007930013394 0.002297104482 0)
(0.008486039895 0.002029336231 0)
(0.009042066396 0.001761567981 0)
(0.006127001002 0.004130089005 0)
(0.006649550794 0.00380174921 0)
(0.007172100585 0.003473409414 0)
(0.007694650377 0.003145069618 0)
(0.008217200168 0.002816729822 0)
(0.00873974996 0.002488390026 0)
(0.009262299751 0.002160050231 0)
(0.006630753892 0.004840062262 0)
(0.007113255607 0.004455279984 0)
(0.007595757322 0.004070497706 0)
(0.008078259036 0.003685715429 0)
(0.008560760751 0.003300933151 0)
(0.009043262466 0.002916150873 0)
(0.009525764181 0.002531368596 0)
(0.007210831073 0.005489168927 0)
(0.007647216972 0.005052783028 0)
(0.008083602871 0.004616397129 0)
(0.008519988771 0.004180011229 0)
(0.00895637467 0.00374362533 0)
(0.009392760569 0.003307239431 0)
(0.009829146468 0.002870853532 0)
(0.004937142857 0 0.00079)
(0.005554285714 0 0.00079)
(0.006171428571 0 0.00079)
(0.006788571429 0 0.00079)
(0.007405714286 0 0.00079)
(0.008022857143 0 0.00079)
(0.00864 0 0.00079)
(0.004985954073 0.0008691642331 0.00079)
(0.005599216466 0.0008000661564 0.00079)
(0.006212478858 0.0007309680797 0.00079)
(0.006825741251 0.000661870003 0.00079)
(0.007439003643 0.0005927719263 0.00079)
(0.008052266035 0.0005236738497 0.00079)
(0.008665528428 0.000454575773 0.00079)
(0.005131773893 0.001727398222 0.00079)
(0.00573344369 0.001590071017 0.00079)
(0.006335113488 0.001452743812 0.00079)
(0.006936783285 0.001315416607 0.00079)
(0.007538453082 0.001178089402 0.00079)
(0.008140122879 0.001040762197 0.00079)
(0.008741792677 0.0009034349919 0.00079)
(0.005372768547 0.002563909175 0.00079)
(0.005955279403 0.002360079811 0.00079)
(0.006537790258 0.002156250447 0.00079)
(0.007120301113 0.001952421083 0.00079)
(0.007702811968 0.001748591719 0.00079)
(0.008285322824 0.001544762355 0.00079)
(0.008867833679 0.001340932992 0.00079)
(0.005705907388 0.003368177483 0.00079)
(0.00626193389 0.003100409233 0.00079)
(0.006817960391 0.002832640983 0.00079)
(0.007373986892 0.002564872732 0.00079)
(0.007930013394 0.002297104482 0.00079)
(0.008486039895 0.002029336231 0.00079)
(0.009042066396 0.001761567981 0.00079)
(0.006127001002 0.004130089005 0.00079)
(0.006649550794 0.00380174921 0.00079)
(0.007172100585 0.003473409414 0.00079)
(0.007694650377 0.003145069618 0.00079)
(0.008217200168 0.002816729822 0.00079)
(0.00873974996 0.002488390026 0.00079)
(0.009262299751 0.002160050231 0.00079)
(0.006630753892 0.004840062262 0.00079)
(0.007113255607 0.004455279984 0.00079)
(0.007595757322 0.004070497706 0.00079)
(0.008078259036 0.003685715429 0.00079)
(0.008560760751 0.003300933151 0.00079)
(0.009043262466 0.002916150873 0.00079)
(0.009525764181 0.002531368596 0.00079)
(0.007210831073 0.005489168927 0.00079)
(0.007647216972 0.005052783028 0.00079)
(0.008083602871 0.004616397129 0.00079)
(0.008519988771 0.004180011229 0.00079)
(0.00895637467 0.00374362533 0.00079)
(0.009392760569 0.003307239431 0.00079)
(0.009829146468 0.002870853532 0.00079)
(0.004937142857 0 0.00158)
(0.005554285714 0 0.00158)
(0.006171428571 0 0.00158)
(0.006788571429 0 0.00158)
(0.007405714286 0 0.00158)
(0.008022857143 0 0.00158)
(0.00864 0 0.00158)
(0.004985954073 0.0008691642331 0.00158)
(0.005599216466 0.0008000661564 0.00158)
(0.006212478858 0.0007309680797 0.00158)
(0.006825741251 0.000661870003 0.00158)
(0.007439003643 0.0005927719263 0.00158)
(0.008052266035 0.0005236738497 0.00158)
(0.008665528428 0.000454575773 0.00158)
(0.005131773893 0.001727398222 0.00158)
(0.00573344369 0.001590071017 0.00158)
(0.006335113488 0.001452743812 0.00158)
(0.006936783285 0.001315416607 0.00158)
(0.007538453082 0.001178089402 0.00158)
(0.008140122879 0.001040762197 0.00158)
(0.008741792677 0.0009034349919 0.00158)
(0.005372768547 0.002563909175 0.00158)
(0.005955279403 0.002360079811 0.00158)
(0.006537790258 0.002156250447 0.00158)
(0.007120301113 0.001952421083 0.00158)
(0.007702811968 0.001748591719 0.00158)
(0.008285322824 0.001544762355 0.00158)
(0.008867833679 0.001340932992 0.00158)
(0.005705907388 0.003368177483 0.00158)
(0.00626193389 0.003100409233 0.00158)
(0.006817960391 0.002832640983 0.00158)
(0.007373986892 0.002564872732 0.00158)
(0.007930013394 0.002297104482 0.00158)
(0.008486039895 0.002029336231 0.00158)
(0.009042066396 0.001761567981 0.00158)
(0.006127001002 0.004130089005 0.00158)
(0.006649550794 0.00380174921 0.00158)
(0.007172100585 0.003473409414 0.00158)
(0.007694650377 0.003145069618 0.00158)
(0.008217200168 0.002816729822 0.00158)
(0.00873974996 0.002488390026 0.00158)
(0.009262299751 0.002160050231 0.00158)
(0.006630753892 0.004840062262 0.00158)
(0.007113255607 0.004455279984 0.00158)
(0.007595757322 0.004070497706 0.00158)
(0.008078259036 0.003685715429 0.00158)
(0.008560760751 0.003300933151 0.00158)
(0.009043262466 0.002916150873 0.00158)
(0.009525764181 0.002531368596 0.00158)
(0.007210831073 0.005489168927 0.00158)
(0.007647216972 0.005052783028 0.00158)
(0.008083602871 0.004616397129 0.00158)
(0.008519988771 0.004180011229 0.00158)
(0.00895637467 0.00374362533 0.00158)
(0.009392760569 0.003307239431 0.00158)
(0.009829146468 0.002870853532 0.00158)
(0.004937142857 0 0.00237)
(0.005554285714 0 0.00237)
(0.006171428571 0 0.00237)
(0.006788571429 0 0.00237)
(0.007405714286 0 0.00237)
(0.008022857143 0 0.00237)
(0.00864 0 0.00237)
(0.004985954073 0.0008691642331 0.00237)
(0.005599216466 0.0008000661564 0.00237)
(0.006212478858 0.0007309680797 0.00237)
(0.006825741251 0.000661870003 0.00237)
(0.007439003643 0.0005927719263 0.00237)
(0.008052266035 0.0005236738497 0.00237)
(0.008665528428 0.000454575773 0.00237)
(0.005131773893 0.001727398222 0.00237)
(0.00573344369 0.001590071017 0.00237)
(0.006335113488 0.001452743812 0.00237)
(0.006936783285 0.001315416607 0.00237)
(0.007538453082 0.001178089402 0.00237)
(0.008140122879 0.001040762197 0.00237)
(0.008741792677 0.0009034349919 0.00237)
(0.005372768547 0.002563909175 0.00237)
(0.005955279403 0.002360079811 0.00237)
(0.006537790258 0.002156250447 0.00237)
(0.007120301113 0.001952421083 0.00237)
(0.007702811968 0.001748591719 0.00237)
(0.008285322824 0.001544762355 0.00237)
(0.008867833679 0.001340932992 0.00237)
(0.005705907388 0.003368177483 0.00237)
(0.00626193389 0.003100409233 0.00237)
(0.006817960391 0.002832640983 0.00237)
(0.007373986892 0.002564872732 0.00237)
(0.007930013394 0.002297104482 0.00237)
(0.008486039895 0.002029336231 0.00237)
(0.009042066396 0.001761567981 0.00237)
(0.006127001002 0.004130089005 0.00237)
(0.006649550794 0.00380174921 0.00237)
(0.007172100585 0.003473409414 0.00237)
(0.007694650377 0.003145069618 0.00237)
(0.008217200168 0.002816729822 0.00237)
(0.00873974996 0.002488390026 0.00237)
(0.009262299751 0.002160050231 0.00237)
(0.006630753892 0.004840062262 0.00237)
(0.007113255607 0.004455279984 0.00237)
(0.007595757322 0.004070497706 0.00237)
(0.008078259036 0.003685715429 0.00237)
(0.008560760751 0.003300933151 0.00237)
(0.009043262466 0.002916150873 0.00237)
(0.009525764181 0.002531368596 0.00237)
(0.007210831073 0.005489168927 0.00237)
(0.007647216972 0.005052783028 0.00237)
(0.008083602871 0.004616397129 0.00237)
(0.008519988771 0.004180011229 0.00237)
(0.00895637467 0.00374362533 0.00237)
(0.009392760569 0.003307239431 0.00237)
(0.009829146468 0.002870853532 0.00237)
(0.0101686314 0.003174235819 0)
(0.01053994977 0.003437700249 0)
(0.01093843202 0.003657933604 0)
(0.01135906701 0.003832166321 0)
(0.01179656501 0.003958207323 0)
(0.01224542423 0.004034471572 0)
(0.0127 0.00406 0)
(0.009783849127 0.003656737534 0)
(0.01021160997 0.00396025004 0)
(0.01067066377 0.004213960105 0)
(0.01115523764 0.004414677176 0)
(0.0116592378 0.004559877121 0)
(0.01217632615 0.004647733965 0)
(0.0127 0.004677142857 0)
(0.009399066849 0.004139239249 0)
(0.009883270178 0.004482799832 0)
(0.01040289552 0.004769986606 0)
(0.01095140828 0.004997188032 0)
(0.0115219106 0.005161546918 0)
(0.01210722807 0.005260996357 0)
(0.0127 0.005294285714 0)
(0.009014284571 0.004621740964 0)
(0.009554930382 0.005005349623 0)
(0.01013512727 0.005326013108 0)
(0.01074757892 0.005579698887 0)
(0.01138458339 0.005763216715 0)
(0.01203813 0.005874258749 0)
(0.0127 0.005911428571 0)
(0.008629502294 0.005104242678 0)
(0.009226590586 0.005527899415 0)
(0.009867359017 0.005882039609 0)
(0.01054374955 0.006162209742 0)
(0.01124725619 0.006364886512 0)
(0.01196903192 0.006487521142 0)
(0.0127 0.006528571429 0)
(0.008244720016 0.005586744393 0)
(0.00889825079 0.006050449206 0)
(0.009599590767 0.00643806611 0)
(0.01033992019 0.006744720597 0)
(0.01110992898 0.00696655631 0)
(0.01189993384 0.007100783534 0)
(0.0127 0.007145714286 0)
(0.007859937738 0.006069246108 0)
(0.008569910995 0.006572998998 0)
(0.009331822517 0.006994092612 0)
(0.01013609082 0.007327231453 0)
(0.01097260178 0.007568226107 0)
(0.01183083577 0.007714045927 0)
(0.0127 0.007762857143 0)
(0.00747515546 0.006551747823 0)
(0.008241571199 0.00709554879 0)
(0.009064054266 0.007550119113 0)
(0.009932261461 0.007909742308 0)
(0.01083527457 0.008169895904 0)
(0.01176173769 0.008327308319 0)
(0.0127 0.00838 0)
(0.0101686314 0.003174235819 0.00079)
(0.01053994977 0.003437700249 0.00079)
(0.01093843202 0.003657933604 0.00079)
(0.01135906701 0.003832166321 0.00079)
(0.01179656501 0.003958207323 0.00079)
(0.01224542423 0.004034471572 0.00079)
(0.0127 0.00406 0.00079)
(0.009783849127 0.003656737534 0.00079)
(0.01021160997 0.00396025004 0.00079)
(0.01067066377 0.004213960105 0.00079)
(0.01115523764 0.004414677176 0.00079)
(0.0116592378 0.004559877121 0.00079)
(0.01217632615 0.004647733965 0.00079)
(0.0127 0.004677142857 0.00079)
(0.009399066849 0.004139239249 0.00079)
(0.009883270178 0.004482799832 0.00079)
(0.01040289552 0.004769986606 0.00079)
(0.01095140828 0.004997188032 0.00079)
(0.0115219106 0.005161546918 0.00079)
(0.01210722807 0.005260996357 0.00079)
(0.0127 0.005294285714 0.00079)
(0.009014284571 0.004621740964 0.00079)
(0.009554930382 0.005005349623 0.00079)
(0.01013512727 0.005326013108 0.00079)
(0.01074757892 0.005579698887 0.00079)
(0.01138458339 0.005763216715 0.00079)
(0.01203813 0.005874258749 0.00079)
(0.0127 0.005911428571 0.00079)
(0.008629502294 0.005104242678 0.00079)
(0.009226590586 0.005527899415 0.00079)
(0.009867359017 0.005882039609 0.00079)
(0.01054374955 0.006162209742 0.00079)
(0.01124725619 0.006364886512 0.00079)
(0.01196903192 0.006487521142 0.00079)
(0.0127 0.006528571429 0.00079)
(0.008244720016 0.005586744393 0.00079)
(0.00889825079 0.006050449206 0.00079)
(0.009599590767 0.00643806611 0.00079)
(0.01033992019 0.006744720597 0.00079)
(0.01110992898 0.00696655631 0.00079)
(0.01189993384 0.007100783534 0.00079)
(0.0127 0.007145714286 0.00079)
(0.007859937738 0.006069246108 0.00079)
(0.008569910995 0.006572998998 0.00079)
(0.009331822517 0.006994092612 0.00079)
(0.01013609082 0.007327231453 0.00079)
(0.01097260178 0.007568226107 0.00079)
(0.01183083577 0.007714045927 0.00079)
(0.0127 0.007762857143 0.00079)
(0.00747515546 0.006551747823 0.00079)
(0.008241571199 0.00709554879 0.00079)
(0.009064054266 0.007550119113 0.00079)
(0.009932261461 0.007909742308 0.00079)
(0.01083527457 0.008169895904 0.00079)
(0.01176173769 0.008327308319 0.00079)
(0.0127 0.00838 0.00079)
(0.0101686314 0.003174235819 0.00158)
(0.01053994977 0.003437700249 0.00158)
(0.01093843202 0.003657933604 0.00158)
(0.01135906701 0.003832166321 0.00158)
(0.01179656501 0.003958207323 0.00158)
(0.01224542423 0.004034471572 0.00158)
(0.0127 0.00406 0.00158)
(0.009783849127 0.003656737534 0.00158)
(0.01021160997 0.00396025004 0.00158)
(0.01067066377 0.004213960105 0.00158)
(0.01115523764 0.004414677176 0.00158)
(0.0116592378 0.004559877121 0.00158)
(0.01217632615 0.004647733965 0.00158)
(0.0127 0.004677142857 0.00158)
(0.009399066849 0.004139239249 0.00158)
(0.009883270178 0.004482799832 0.00158)
(0.01040289552 0.004769986606 0.00158)
(0.01095140828 0.004997188032 0.00158)
(0.0115219106 0.005161546918 0.00158)
(0.01210722807 0.005260996357 0.00158)
(0.0127 0.005294285714 0.00158)
(0.009014284571 0.004621740964 0.00158)
(0.009554930382 0.005005349623 0.00158)
(0.01013512727 0.005326013108 0.00158)
(0.01074757892 0.005579698887 0.00158)
(0.01138458339 0.005763216715 0.00158)
(0.01203813 0.005874258749 0.00158)
(0.0127 0.005911428571 0.00158)
(0.008629502294 0.005104242678 0.00158)
(0.009226590586 0.005527899415 0.00158)
(0.009867359017 0.005882039609 0.00158)
(0.01054374955 0.006162209742 0.00158)
(0.01124725619 0.006364886512 0.00158)
(0.01196903192 0.006487521142 0.00158)
(0.0127 0.006528571429 0.00158)
(0.008244720016 0.005586744393 0.00158)
(0.00889825079 0.006050449206 0.00158)
(0.009599590767 0.00643806611 0.00158)
(0.01033992019 0.006744720597 0.00158)
(0.01110992898 0.00696655631 0.00158)
(0.01189993384 0.007100783534 0.00158)
(0.0127 0.007145714286 0.00158)
(0.007859937738 0.006069246108 0.00158)
(0.008569910995 0.006572998998 0.00158)
(0.009331822517 0.006994092612 0.00158)
(0.01013609082 0.007327231453 0.00158)
(0.01097260178 0.007568226107 0.00158)
(0.01183083577 0.007714045927 0.00158)
(0.0127 0.007762857143 0.00158)
(0.00747515546 0.006551747823 0.00158)
(0.008241571199 0.00709554879 0.00158)
(0.009064054266 0.007550119113 0.00158)
(0.009932261461 0.007909742308 0.00158)
(0.01083527457 0.008169895904 0.00158)
(0.01176173769 0.008327308319 0.00158)
(0.0127 0.00838 0.00158)
(0.0101686314 0.003174235819 0.00237)
(0.01053994977 0.003437700249 0.00237)
(0.01093843202 0.003657933604 0.00237)
(0.01135906701 0.003832166321 0.00237)
(0.01179656501 0.003958207323 0.00237)
(0.01224542423 0.004034471572 0.00237)
(0.0127 0.00406 0.00237)
(0.009783849127 0.003656737534 0.00237)
(0.01021160997 0.00396025004 0.00237)
(0.01067066377 0.004213960105 0.00237)
(0.01115523764 0.004414677176 0.00237)
(0.0116592378 0.004559877121 0.00237)
(0.01217632615 0.004647733965 0.00237)
(0.0127 0.004677142857 0.00237)
(0.009399066849 0.004139239249 0.00237)
(0.009883270178 0.004482799832 0.00237)
(0.01040289552 0.004769986606 0.00237)
(0.01095140828 0.004997188032 0.00237)
(0.0115219106 0.005161546918 0.00237)
(0.01210722807 0.005260996357 0.00237)
(0.0127 0.005294285714 0.00237)
(0.009014284571 0.004621740964 0.00237)
(0.009554930382 0.005005349623 0.00237)
(0.01013512727 0.005326013108 0.00237)
(0.01074757892 0.005579698887 0.00237)
(0.01138458339 0.005763216715 0.00237)
(0.01203813 0.005874258749 0.00237)
(0.0127 0.005911428571 0.00237)
(0.008629502294 0.005104242678 0.00237)
(0.009226590586 0.005527899415 0.00237)
(0.009867359017 0.005882039609 0.00237)
(0.01054374955 0.006162209742 0.00237)
(0.01124725619 0.006364886512 0.00237)
(0.01196903192 0.006487521142 0.00237)
(0.0127 0.006528571429 0.00237)
(0.008244720016 0.005586744393 0.00237)
(0.00889825079 0.006050449206 0.00237)
(0.009599590767 0.00643806611 0.00237)
(0.01033992019 0.006744720597 0.00237)
(0.01110992898 0.00696655631 0.00237)
(0.01189993384 0.007100783534 0.00237)
(0.0127 0.007145714286 0.00237)
(0.007859937738 0.006069246108 0.00237)
(0.008569910995 0.006572998998 0.00237)
(0.009331822517 0.006994092612 0.00237)
(0.01013609082 0.007327231453 0.00237)
(0.01097260178 0.007568226107 0.00237)
(0.01183083577 0.007714045927 0.00237)
(0.0127 0.007762857143 0.00237)
(0.00747515546 0.006551747823 0.00237)
(0.008241571199 0.00709554879 0.00237)
(0.009064054266 0.007550119113 0.00237)
(0.009932261461 0.007909742308 0.00237)
(0.01083527457 0.008169895904 0.00237)
(0.01176173769 0.008327308319 0.00237)
(0.0127 0.00838 0.00237)
(0.006774445174 0.01596476128 0)
(0.007494970646 0.01650149813 0)
(0.008271815076 0.01696761325 0)
(0.009096717217 0.01735724495 0)
(0.009960811467 0.01766549341 0)
(0.01085473936 0.0178884822 0)
(0.01176876726 0.01802340713 0)
(0.01269290875 0.01806857143 0)
(0.006774445174 0.02600396773 0)
(0.007514785831 0.02645124845 0)
(0.008302058953 0.02683967771 0)
(0.009129380168 0.0271643708 0)
(0.009989361473 0.02742124451 0)
(0.01087420415 0.0276070685 0)
(0.01177579683 0.02771950594 0)
(0.0126858175 0.02775714286 0)
(0.006774445174 0.03604317419 0)
(0.007534601016 0.03640099876 0)
(0.00833230283 0.03671174217 0)
(0.009162043119 0.03697149664 0)
(0.01001791148 0.0371769956 0)
(0.01089366894 0.0373256548 0)
(0.0117828264 0.03741560475 0)
(0.01267872625 0.03744571429 0)
(0.006774445174 0.04608238064 0)
(0.007554416201 0.04635074907 0)
(0.008362546707 0.04658380662 0)
(0.009194706069 0.04677862248 0)
(0.01004646149 0.0469327467 0)
(0.01091313372 0.0470442411 0)
(0.01178985596 0.04711170357 0)
(0.012671635 0.04713428571 0)
(0.006774445174 0.05612158709 0)
(0.007574231386 0.05630049938 0)
(0.008392790585 0.05645587108 0)
(0.00922736902 0.05658574832 0)
(0.01007501149 0.0566884978 0)
(0.01093259851 0.0567628274 0)
(0.01179688553 0.05680780238 0)
(0.01266454375 0.05682285714 0)
(0.006774445174 0.06616079355 0)
(0.007594046571 0.06625024969 0)
(0.008423034462 0.06632793554 0)
(0.009260031971 0.06639287416 0)
(0.0101035615 0.0664442489 0)
(0.0109520633 0.0664814137 0)
(0.0118039151 0.06650390119 0)
(0.0126574525 0.06651142857 0)
(0.006774445174 0.0762 0)
(0.007613861756 0.0762 0)
(0.008453278339 0.0762 0)
(0.009292694922 0.0762 0)
(0.0101321115 0.0762 0)
(0.01097152809 0.0762 0)
(0.01181094467 0.0762 0)
(0.01265036125 0.0762 0)
(0.006774445174 0.01596476128 0.00079)
(0.007494970646 0.01650149813 0.00079)
(0.008271815076 0.01696761325 0.00079)
(0.009096717217 0.01735724495 0.00079)
(0.009960811467 0.01766549341 0.00079)
(0.01085473936 0.0178884822 0.00079)
(0.01176876726 0.01802340713 0.00079)
(0.01269290875 0.01806857143 0.00079)
(0.006774445174 0.02600396773 0.00079)
(0.007514785831 0.02645124845 0.00079)
(0.008302058953 0.02683967771 0.00079)
(0.009129380168 0.0271643708 0.00079)
(0.009989361473 0.02742124451 0.00079)
(0.01087420415 0.0276070685 0.00079)
(0.01177579683 0.02771950594 0.00079)
(0.0126858175 0.02775714286 0.00079)
(0.006774445174 0.03604317419 0.00079)
(0.007534601016 0.03640099876 0.00079)
(0.00833230283 0.03671174217 0.00079)
(0.009162043119 0.03697149664 0.00079)
(0.01001791148 0.0371769956 0.00079)
(0.01089366894 0.0373256548 0.00079)
(0.0117828264 0.03741560475 0.00079)
(0.01267872625 0.03744571429 0.00079)
(0.006774445174 0.04608238064 0.00079)
(0.007554416201 0.04635074907 0.00079)
(0.008362546707 0.04658380662 0.00079)
(0.009194706069 0.04677862248 0.00079)
(0.01004646149 0.0469327467 0.00079)
(0.01091313372 0.0470442411 0.00079)
(0.01178985596 0.04711170357 0.00079)
(0.012671635 0.04713428571 0.00079)
(0.006774445174 0.05612158709 0.00079)
(0.007574231386 0.05630049938 0.00079)
(0.008392790585 0.05645587108 0.00079)
(0.00922736902 0.05658574832 0.00079)
(0.01007501149 0.0566884978 0.00079)
(0.01093259851 0.0567628274 0.00079)
(0.01179688553 0.05680780238 0.00079)
(0.01266454375 0.05682285714 0.00079)
(0.006774445174 0.06616079355 0.00079)
(0.007594046571 0.06625024969 0.00079)
(0.008423034462 0.06632793554 0.00079)
(0.009260031971 0.06639287416 0.00079)
(0.0101035615 0.0664442489 0.00079)
(0.0109520633 0.0664814137 0.00079)
(0.0118039151 0.06650390119 0.00079)
(0.0126574525 0.06651142857 0.00079)
(0.006774445174 0.0762 0.00079)
(0.007613861756 0.0762 0.00079)
(0.008453278339 0.0762 0.00079)
(0.009292694922 0.0762 0.00079)
(0.0101321115 0.0762 0.00079)
(0.01097152809 0.0762 0.00079)
(0.01181094467 0.0762 0.00079)
(0.01265036125 0.0762 0.00079)
(0.006774445174 0.01596476128 0.00158)
(0.007494970646 0.01650149813 0.00158)
(0.008271815076 0.01696761325 0.00158)
(0.009096717217 0.01735724495 0.00158)
(0.009960811467 0.01766549341 0.00158)
(0.01085473936 0.0178884822 0.00158)
(0.01176876726 0.01802340713 0.00158)
(0.01269290875 0.01806857143 0.00158)
(0.006774445174 0.02600396773 0.00158)
(0.007514785831 0.02645124845 0.00158)
(0.008302058953 0.02683967771 0.00158)
(0.009129380168 0.0271643708 0.00158)
(0.009989361473 0.02742124451 0.00158)
(0.01087420415 0.0276070685 0.00158)
(0.01177579683 0.02771950594 0.00158)
(0.0126858175 0.02775714286 0.00158)
(0.006774445174 0.03604317419 0.00158)
(0.007534601016 0.03640099876 0.00158)
(0.00833230283 0.03671174217 0.00158)
(0.009162043119 0.03697149664 0.00158)
(0.01001791148 0.0371769956 0.00158)
(0.01089366894 0.0373256548 0.00158)
(0.0117828264 0.03741560475 0.00158)
(0.01267872625 0.03744571429 0.00158)
(0.006774445174 0.04608238064 0.00158)
(0.007554416201 0.04635074907 0.00158)
(0.008362546707 0.04658380662 0.00158)
(0.009194706069 0.04677862248 0.00158)
(0.01004646149 0.0469327467 0.00158)
(0.01091313372 0.0470442411 0.00158)
(0.01178985596 0.04711170357 0.00158)
(0.012671635 0.04713428571 0.00158)
(0.006774445174 0.05612158709 0.00158)
(0.007574231386 0.05630049938 0.00158)
(0.008392790585 0.05645587108 0.00158)
(0.00922736902 0.05658574832 0.00158)
(0.01007501149 0.0566884978 0.00158)
(0.01093259851 0.0567628274 0.00158)
(0.01179688553 0.05680780238 0.00158)
(0.01266454375 0.05682285714 0.00158)
(0.006774445174 0.06616079355 0.00158)
(0.007594046571 0.06625024969 0.00158)
(0.008423034462 0.06632793554 0.00158)
(0.009260031971 0.06639287416 0.00158)
(0.0101035615 0.0664442489 0.00158)
(0.0109520633 0.0664814137 0.00158)
(0.0118039151 0.06650390119 0.00158)
(0.0126574525 0.06651142857 0.00158)
(0.006774445174 0.0762 0.00158)
(0.007613861756 0.0762 0.00158)
(0.008453278339 0.0762 0.00158)
(0.009292694922 0.0762 0.00158)
(0.0101321115 0.0762 0.00158)
(0.01097152809 0.0762 0.00158)
(0.01181094467 0.0762 0.00158)
(0.01265036125 0.0762 0.00158)
(0.006774445174 0.01596476128 0.00237)
(0.007494970646 0.01650149813 0.00237)
(0.008271815076 0.01696761325 0.00237)
(0.009096717217 0.01735724495 0.00237)
(0.009960811467 0.01766549341 0.00237)
(0.01085473936 0.0178884822 0.00237)
(0.01176876726 0.01802340713 0.00237)
(0.01269290875 0.01806857143 0.00237)
(0.006774445174 0.02600396773 0.00237)
(0.007514785831 0.02645124845 0.00237)
(0.008302058953 0.02683967771 0.00237)
(0.009129380168 0.0271643708 0.00237)
(0.009989361473 0.02742124451 0.00237)
(0.01087420415 0.0276070685 0.00237)
(0.01177579683 0.02771950594 0.00237)
(0.0126858175 0.02775714286 0.00237)
(0.006774445174 0.03604317419 0.00237)
(0.007534601016 0.03640099876 0.00237)
(0.00833230283 0.03671174217 0.00237)
(0.009162043119 0.03697149664 0.00237)
(0.01001791148 0.0371769956 0.00237)
(0.01089366894 0.0373256548 0.00237)
(0.0117828264 0.03741560475 0.00237)
(0.01267872625 0.03744571429 0.00237)
(0.006774445174 0.04608238064 0.00237)
(0.007554416201 0.04635074907 0.00237)
(0.008362546707 0.04658380662 0.00237)
(0.009194706069 0.04677862248 0.00237)
(0.01004646149 0.0469327467 0.00237)
(0.01091313372 0.0470442411 0.00237)
(0.01178985596 0.04711170357 0.00237)
(0.012671635 0.04713428571 0.00237)
(0.006774445174 0.05612158709 0.00237)
(0.007574231386 0.05630049938 0.00237)
(0.008392790585 0.05645587108 0.00237)
(0.00922736902 0.05658574832 0.00237)
(0.01007501149 0.0566884978 0.00237)
(0.01093259851 0.0567628274 0.00237)
(0.01179688553 0.05680780238 0.00237)
(0.01266454375 0.05682285714 0.00237)
(0.006774445174 0.06616079355 0.00237)
(0.007594046571 0.06625024969 0.00237)
(0.008423034462 0.06632793554 0.00237)
(0.009260031971 0.06639287416 0.00237)
(0.0101035615 0.0664442489 0.00237)
(0.0109520633 0.0664814137 0.00237)
(0.0118039151 0.06650390119 0.00237)
(0.0126574525 0.06651142857 0.00237)
(0.006774445174 0.0762 0.00237)
(0.007613861756 0.0762 0.00237)
(0.008453278339 0.0762 0.00237)
(0.009292694922 0.0762 0.00237)
(0.0101321115 0.0762 0.00237)
(0.01097152809 0.0762 0.00237)
(0.01181094467 0.0762 0.00237)
(0.01265036125 0.0762 0.00237)
(0 0.01596476128 0)
(0.000967777882 0.01596476128 0)
(0.001935555764 0.01596476128 0)
(0.002903333646 0.01596476128 0)
(0.003871111528 0.01596476128 0)
(0.00483888941 0.01596476128 0)
(0.005806667292 0.01596476128 0)
(0 0.02600396773 0)
(0.000967777882 0.02600396773 0)
(0.001935555764 0.02600396773 0)
(0.002903333646 0.02600396773 0)
(0.003871111528 0.02600396773 0)
(0.00483888941 0.02600396773 0)
(0.005806667292 0.02600396773 0)
(0 0.03604317419 0)
(0.000967777882 0.03604317419 0)
(0.001935555764 0.03604317419 0)
(0.002903333646 0.03604317419 0)
(0.003871111528 0.03604317419 0)
(0.00483888941 0.03604317419 0)
(0.005806667292 0.03604317419 0)
(0 0.04608238064 0)
(0.000967777882 0.04608238064 0)
(0.001935555764 0.04608238064 0)
(0.002903333646 0.04608238064 0)
(0.003871111528 0.04608238064 0)
(0.00483888941 0.04608238064 0)
(0.005806667292 0.04608238064 0)
(0 0.05612158709 0)
(0.000967777882 0.05612158709 0)
(0.001935555764 0.05612158709 0)
(0.002903333646 0.05612158709 0)
(0.003871111528 0.05612158709 0)
(0.00483888941 0.05612158709 0)
(0.005806667292 0.05612158709 0)
(0 0.06616079355 0)
(0.000967777882 0.06616079355 0)
(0.001935555764 0.06616079355 0)
(0.002903333646 0.06616079355 0)
(0.003871111528 0.06616079355 0)
(0.00483888941 0.06616079355 0)
(0.005806667292 0.06616079355 0)
(0 0.0762 0)
(0.000967777882 0.0762 0)
(0.001935555764 0.0762 0)
(0.002903333646 0.0762 0)
(0.003871111528 0.0762 0)
(0.00483888941 0.0762 0)
(0.005806667292 0.0762 0)
(0 0.01596476128 0.00079)
(0.000967777882 0.01596476128 0.00079)
(0.001935555764 0.01596476128 0.00079)
(0.002903333646 0.01596476128 0.00079)
(0.003871111528 0.01596476128 0.00079)
(0.00483888941 0.01596476128 0.00079)
(0.005806667292 0.01596476128 0.00079)
(0 0.02600396773 0.00079)
(0.000967777882 0.02600396773 0.00079)
(0.001935555764 0.02600396773 0.00079)
(0.002903333646 0.02600396773 0.00079)
(0.003871111528 0.02600396773 0.00079)
(0.00483888941 0.02600396773 0.00079)
(0.005806667292 0.02600396773 0.00079)
(0 0.03604317419 0.00079)
(0.000967777882 0.03604317419 0.00079)
(0.001935555764 0.03604317419 0.00079)
(0.002903333646 0.03604317419 0.00079)
(0.003871111528 0.03604317419 0.00079)
(0.00483888941 0.03604317419 0.00079)
(0.005806667292 0.03604317419 0.00079)
(0 0.04608238064 0.00079)
(0.000967777882 0.04608238064 0.00079)
(0.001935555764 0.04608238064 0.00079)
(0.002903333646 0.04608238064 0.00079)
(0.003871111528 0.04608238064 0.00079)
(0.00483888941 0.04608238064 0.00079)
(0.005806667292 0.04608238064 0.00079)
(0 0.05612158709 0.00079)
(0.000967777882 0.05612158709 0.00079)
(0.001935555764 0.05612158709 0.00079)
(0.002903333646 0.05612158709 0.00079)
(0.003871111528 0.05612158709 0.00079)
(0.00483888941 0.05612158709 0.00079)
(0.005806667292 0.05612158709 0.00079)
(0 0.06616079355 0.00079)
(0.000967777882 0.06616079355 0.00079)
(0.001935555764 0.06616079355 0.00079)
(0.002903333646 0.06616079355 0.00079)
(0.003871111528 0.06616079355 0.00079)
(0.00483888941 0.06616079355 0.00079)
(0.005806667292 0.06616079355 0.00079)
(0 0.0762 0.00079)
(0.000967777882 0.0762 0.00079)
(0.001935555764 0.0762 0.00079)
(0.002903333646 0.0762 0.00079)
(0.003871111528 0.0762 0.00079)
(0.00483888941 0.0762 0.00079)
(0.005806667292 0.0762 0.00079)
(0 0.01596476128 0.00158)
(0.000967777882 0.01596476128 0.00158)
(0.001935555764 0.01596476128 0.00158)
(0.002903333646 0.01596476128 0.00158)
(0.003871111528 0.01596476128 0.00158)
(0.00483888941 0.01596476128 0.00158)
(0.005806667292 0.01596476128 0.00158)
(0 0.02600396773 0.00158)
(0.000967777882 0.02600396773 0.00158)
(0.001935555764 0.02600396773 0.00158)
(0.002903333646 0.02600396773 0.00158)
(0.003871111528 0.02600396773 0.00158)
(0.00483888941 0.02600396773 0.00158)
(0.005806667292 0.02600396773 0.00158)
(0 0.03604317419 0.00158)
(0.000967777882 0.03604317419 0.00158)
(0.001935555764 0.03604317419 0.00158)
(0.002903333646 0.03604317419 0.00158)
(0.003871111528 0.03604317419 0.00158)
(0.00483888941 0.03604317419 0.00158)
(0.005806667292 0.03604317419 0.00158)
(0 0.04608238064 0.00158)
(0.000967777882 0.04608238064 0.00158)
(0.001935555764 0.04608238064 0.00158)
(0.002903333646 0.04608238064 0.00158)
(0.003871111528 0.04608238064 0.00158)
(0.00483888941 0.04608238064 0.00158)
(0.005806667292 0.04608238064 0.00158)
(0 0.05612158709 0.00158)
(0.000967777882 0.05612158709 0.00158)
(0.001935555764 0.05612158709 0.00158)
(0.002903333646 0.05612158709 0.00158)
(0.003871111528 0.05612158709 0.00158)
(0.00483888941 0.05612158709 0.00158)
(0.005806667292 0.05612158709 0.00158)
(0 0.06616079355 0.00158)
(0.000967777882 0.06616079355 0.00158)
(0.001935555764 0.06616079355 0.00158)
(0.002903333646 0.06616079355 0.00158)
(0.003871111528 0.06616079355 0.00158)
(0.00483888941 0.06616079355 0.00158)
(0.005806667292 0.06616079355 0.00158)
(0 0.0762 0.00158)
(0.000967777882 0.0762 0.00158)
(0.001935555764 0.0762 0.00158)
(0.002903333646 0.0762 0.00158)
(0.003871111528 0.0762 0.00158)
(0.00483888941 0.0762 0.00158)
(0.005806667292 0.0762 0.00158)
(0 0.01596476128 0.00237)
(0.000967777882 0.01596476128 0.00237)
(0.001935555764 0.01596476128 0.00237)
(0.002903333646 0.01596476128 0.00237)
(0.003871111528 0.01596476128 0.00237)
(0.00483888941 0.01596476128 0.00237)
(0.005806667292 0.01596476128 0.00237)
(0 0.02600396773 0.00237)
(0.000967777882 0.02600396773 0.00237)
(0.001935555764 0.02600396773 0.00237)
(0.002903333646 0.02600396773 0.00237)
(0.003871111528 0.02600396773 0.00237)
(0.00483888941 0.02600396773 0.00237)
(0.005806667292 0.02600396773 0.00237)
(0 0.03604317419 0.00237)
(0.000967777882 0.03604317419 0.00237)
(0.001935555764 0.03604317419 0.00237)
(0.002903333646 0.03604317419 0.00237)
(0.003871111528 0.03604317419 0.00237)
(0.00483888941 0.03604317419 0.00237)
(0.005806667292 0.03604317419 0.00237)
(0 0.04608238064 0.00237)
(0.000967777882 0.04608238064 0.00237)
(0.001935555764 0.04608238064 0.00237)
(0.002903333646 0.04608238064 0.00237)
(0.003871111528 0.04608238064 0.00237)
(0.00483888941 0.04608238064 0.00237)
(0.005806667292 0.04608238064 0.00237)
(0 0.05612158709 0.00237)
(0.000967777882 0.05612158709 0.00237)
(0.001935555764 0.05612158709 0.00237)
(0.002903333646 0.05612158709 0.00237)
(0.003871111528 0.05612158709 0.00237)
(0.00483888941 0.05612158709 0.00237)
(0.005806667292 0.05612158709 0.00237)
(0 0.06616079355 0.00237)
(0.000967777882 0.06616079355 0.00237)
(0.001935555764 0.06616079355 0.00237)
(0.002903333646 0.06616079355 0.00237)
(0.003871111528 0.06616079355 0.00237)
(0.00483888941 0.06616079355 0.00237)
(0.005806667292 0.06616079355 0.00237)
(0 0.0762 0.00237)
(0.000967777882 0.0762 0.00237)
(0.001935555764 0.0762 0.00237)
(0.002903333646 0.0762 0.00237)
(0.003871111528 0.0762 0.00237)
(0.00483888941 0.0762 0.00237)
(0.005806667292 0.0762 0.00237)
)


// ************************************************************************* //
