/*--------------------------------*- C++ -*----------------------------------*\
| =========                 |                                                 |
| \\      /  F ield         | foam-extend: Open Source CFD                    |
|  \\    /   O peration     | Version:     4.0                                |
|   \\  /    A nd           | Web:         http://www.foam-extend.org         |
|    \\/     M anipulation  |                                                 |
\*---------------------------------------------------------------------------*/
FoamFile
{
    version     2.0;
    format      ascii;
    class       faceList;
    location    "constant/polyMesh";
    object      faces;
}
// * * * * * * * * * * * * * * * * * * * * * * * * * * * * * * * * * * * * * //


2916
(
4(169 1 14 181)
3(13 181 14)
4(2 15 182 170)
4(14 181 182 15)
4(3 16 183 171)
4(15 182 183 16)
4(4 17 184 172)
4(16 183 184 17)
4(5 18 185 173)
4(17 184 185 18)
4(6 19 186 174)
4(18 185 186 19)
4(7 20 187 175)
4(19 186 187 20)
4(8 21 188 176)
4(20 187 188 21)
4(9 22 189 177)
4(21 188 189 22)
4(10 23 190 178)
4(22 189 190 23)
4(11 24 191 179)
4(23 190 191 24)
4(24 191 192 25)
4(12 25 192 180)
4(181 14 27 193)
3(26 193 27)
4(15 28 194 182)
4(27 193 194 28)
4(16 29 195 183)
4(28 194 195 29)
4(17 30 196 184)
4(29 195 196 30)
4(18 31 197 185)
4(30 196 197 31)
4(19 32 198 186)
4(31 197 198 32)
4(20 33 199 187)
4(32 198 199 33)
4(21 34 200 188)
4(33 199 200 34)
4(22 35 201 189)
4(34 200 201 35)
4(23 36 202 190)
4(35 201 202 36)
4(24 37 203 191)
4(36 202 203 37)
4(37 203 204 38)
4(25 38 204 192)
4(193 27 40 205)
3(39 205 40)
4(28 41 206 194)
4(40 205 206 41)
4(29 42 207 195)
4(41 206 207 42)
4(30 43 208 196)
4(42 207 208 43)
4(31 44 209 197)
4(43 208 209 44)
4(32 45 210 198)
4(44 209 210 45)
4(33 46 211 199)
4(45 210 211 46)
4(34 47 212 200)
4(46 211 212 47)
4(35 48 213 201)
4(47 212 213 48)
4(36 49 214 202)
4(48 213 214 49)
4(37 50 215 203)
4(49 214 215 50)
4(50 215 216 51)
4(38 51 216 204)
4(205 40 53 217)
3(52 217 53)
4(41 54 218 206)
4(53 217 218 54)
4(42 55 219 207)
4(54 218 219 55)
4(43 56 220 208)
4(55 219 220 56)
4(44 57 221 209)
4(56 220 221 57)
4(45 58 222 210)
4(57 221 222 58)
4(46 59 223 211)
4(58 222 223 59)
4(47 60 224 212)
4(59 223 224 60)
4(48 61 225 213)
4(60 224 225 61)
4(49 62 226 214)
4(61 225 226 62)
4(50 63 227 215)
4(62 226 227 63)
4(63 227 228 64)
4(51 64 228 216)
4(217 53 66 229)
3(65 229 66)
4(54 67 230 218)
4(66 229 230 67)
4(55 68 231 219)
4(67 230 231 68)
4(56 69 232 220)
4(68 231 232 69)
4(57 70 233 221)
4(69 232 233 70)
4(58 71 234 222)
4(70 233 234 71)
4(59 72 235 223)
4(71 234 235 72)
4(60 73 236 224)
4(72 235 236 73)
4(61 74 237 225)
4(73 236 237 74)
4(62 75 238 226)
4(74 237 238 75)
4(63 76 239 227)
4(75 238 239 76)
4(76 239 240 77)
4(64 77 240 228)
4(229 66 79 241)
3(78 241 79)
4(67 80 242 230)
4(79 241 242 80)
4(68 81 243 231)
4(80 242 243 81)
4(69 82 244 232)
4(81 243 244 82)
4(70 83 245 233)
4(82 244 245 83)
4(71 84 246 234)
4(83 245 246 84)
4(72 85 247 235)
4(84 246 247 85)
4(73 86 248 236)
4(85 247 248 86)
4(74 87 249 237)
4(86 248 249 87)
4(75 88 250 238)
4(87 249 250 88)
4(76 89 251 239)
4(88 250 251 89)
4(89 251 252 90)
4(77 90 252 240)
4(241 79 92 253)
3(91 253 92)
4(80 93 254 242)
4(92 253 254 93)
4(81 94 255 243)
4(93 254 255 94)
4(82 95 256 244)
4(94 255 256 95)
4(83 96 257 245)
4(95 256 257 96)
4(84 97 258 246)
4(96 257 258 97)
4(85 98 259 247)
4(97 258 259 98)
4(86 99 260 248)
4(98 259 260 99)
4(87 100 261 249)
4(99 260 261 100)
4(88 101 262 250)
4(100 261 262 101)
4(89 102 263 251)
4(101 262 263 102)
4(102 263 264 103)
4(90 103 264 252)
4(253 92 105 265)
3(104 265 105)
4(93 106 266 254)
4(105 265 266 106)
4(94 107 267 255)
4(106 266 267 107)
4(95 108 268 256)
4(107 267 268 108)
4(96 109 269 257)
4(108 268 269 109)
4(97 110 270 258)
4(109 269 270 110)
4(98 111 271 259)
4(110 270 271 111)
4(99 112 272 260)
4(111 271 272 112)
4(100 113 273 261)
4(112 272 273 113)
4(101 114 274 262)
4(113 273 274 114)
4(102 115 275 263)
4(114 274 275 115)
4(115 275 276 116)
4(103 116 276 264)
4(265 105 118 277)
3(117 277 118)
4(106 119 278 266)
4(118 277 278 119)
4(107 120 279 267)
4(119 278 279 120)
4(108 121 280 268)
4(120 279 280 121)
4(109 122 281 269)
4(121 280 281 122)
4(110 123 282 270)
4(122 281 282 123)
4(111 124 283 271)
4(123 282 283 124)
4(112 125 284 272)
4(124 283 284 125)
4(113 126 285 273)
4(125 284 285 126)
4(114 127 286 274)
4(126 285 286 127)
4(115 128 287 275)
4(127 286 287 128)
4(128 287 288 129)
4(116 129 288 276)
4(277 118 131 289)
3(130 289 131)
4(119 132 290 278)
4(131 289 290 132)
4(120 133 291 279)
4(132 290 291 133)
4(121 134 292 280)
4(133 291 292 134)
4(122 135 293 281)
4(134 292 293 135)
4(123 136 294 282)
4(135 293 294 136)
4(124 137 295 283)
4(136 294 295 137)
4(125 138 296 284)
4(137 295 296 138)
4(126 139 297 285)
4(138 296 297 139)
4(127 140 298 286)
4(139 297 298 140)
4(128 141 299 287)
4(140 298 299 141)
4(141 299 300 142)
4(129 142 300 288)
4(289 131 144 301)
3(143 301 144)
4(132 145 302 290)
4(144 301 302 145)
4(133 146 303 291)
4(145 302 303 146)
4(134 147 304 292)
4(146 303 304 147)
4(135 148 305 293)
4(147 304 305 148)
4(136 149 306 294)
4(148 305 306 149)
4(137 150 307 295)
4(149 306 307 150)
4(138 151 308 296)
4(150 307 308 151)
4(139 152 309 297)
4(151 308 309 152)
4(140 153 310 298)
4(152 309 310 153)
4(141 154 311 299)
4(153 310 311 154)
4(154 311 312 155)
4(142 155 312 300)
4(301 144 157 313)
3(156 313 157)
4(145 158 314 302)
4(157 313 314 158)
4(146 159 315 303)
4(158 314 315 159)
4(147 160 316 304)
4(159 315 316 160)
4(148 161 317 305)
4(160 316 317 161)
4(149 162 318 306)
4(161 317 318 162)
4(150 163 319 307)
4(162 318 319 163)
4(151 164 320 308)
4(163 319 320 164)
4(152 165 321 309)
4(164 320 321 165)
4(153 166 322 310)
4(165 321 322 166)
4(154 167 323 311)
4(166 322 323 167)
4(155 168 324 312)
4(167 323 324 168)
4(325 337 493 481)
4(25 192 493 337)
4(326 338 494 482)
4(337 493 494 338)
4(327 339 495 483)
4(338 494 495 339)
4(328 340 496 484)
4(339 495 496 340)
4(329 341 497 485)
4(340 496 497 341)
4(330 342 498 486)
4(341 497 498 342)
4(331 343 499 487)
4(342 498 499 343)
4(332 344 500 488)
4(343 499 500 344)
4(333 345 501 489)
4(344 500 501 345)
4(334 346 502 490)
4(345 501 502 346)
4(335 347 503 491)
4(346 502 503 347)
4(347 503 504 348)
4(337 349 505 493)
4(38 204 505 349)
4(338 350 506 494)
4(349 505 506 350)
4(339 351 507 495)
4(350 506 507 351)
4(340 352 508 496)
4(351 507 508 352)
4(341 353 509 497)
4(352 508 509 353)
4(342 354 510 498)
4(353 509 510 354)
4(343 355 511 499)
4(354 510 511 355)
4(344 356 512 500)
4(355 511 512 356)
4(345 357 513 501)
4(356 512 513 357)
4(346 358 514 502)
4(357 513 514 358)
4(347 359 515 503)
4(358 514 515 359)
4(359 515 516 360)
4(349 361 517 505)
4(51 216 517 361)
4(350 362 518 506)
4(361 517 518 362)
4(351 363 519 507)
4(362 518 519 363)
4(352 364 520 508)
4(363 519 520 364)
4(353 365 521 509)
4(364 520 521 365)
4(354 366 522 510)
4(365 521 522 366)
4(355 367 523 511)
4(366 522 523 367)
4(356 368 524 512)
4(367 523 524 368)
4(357 369 525 513)
4(368 524 525 369)
4(358 370 526 514)
4(369 525 526 370)
4(359 371 527 515)
4(370 526 527 371)
4(371 527 528 372)
4(361 373 529 517)
4(64 228 529 373)
4(362 374 530 518)
4(373 529 530 374)
4(363 375 531 519)
4(374 530 531 375)
4(364 376 532 520)
4(375 531 532 376)
4(365 377 533 521)
4(376 532 533 377)
4(366 378 534 522)
4(377 533 534 378)
4(367 379 535 523)
4(378 534 535 379)
4(368 380 536 524)
4(379 535 536 380)
4(369 381 537 525)
4(380 536 537 381)
4(370 382 538 526)
4(381 537 538 382)
4(371 383 539 527)
4(382 538 539 383)
4(383 539 540 384)
4(373 385 541 529)
4(77 240 541 385)
4(374 386 542 530)
4(385 541 542 386)
4(375 387 543 531)
4(386 542 543 387)
4(376 388 544 532)
4(387 543 544 388)
4(377 389 545 533)
4(388 544 545 389)
4(378 390 546 534)
4(389 545 546 390)
4(379 391 547 535)
4(390 546 547 391)
4(380 392 548 536)
4(391 547 548 392)
4(381 393 549 537)
4(392 548 549 393)
4(382 394 550 538)
4(393 549 550 394)
4(383 395 551 539)
4(394 550 551 395)
4(395 551 552 396)
4(385 397 553 541)
4(90 252 553 397)
4(386 398 554 542)
4(397 553 554 398)
4(387 399 555 543)
4(398 554 555 399)
4(388 400 556 544)
4(399 555 556 400)
4(389 401 557 545)
4(400 556 557 401)
4(390 402 558 546)
4(401 557 558 402)
4(391 403 559 547)
4(402 558 559 403)
4(392 404 560 548)
4(403 559 560 404)
4(393 405 561 549)
4(404 560 561 405)
4(394 406 562 550)
4(405 561 562 406)
4(395 407 563 551)
4(406 562 563 407)
4(407 563 564 408)
4(397 409 565 553)
4(103 264 565 409)
4(398 410 566 554)
4(409 565 566 410)
4(399 411 567 555)
4(410 566 567 411)
4(400 412 568 556)
4(411 567 568 412)
4(401 413 569 557)
4(412 568 569 413)
4(402 414 570 558)
4(413 569 570 414)
4(403 415 571 559)
4(414 570 571 415)
4(404 416 572 560)
4(415 571 572 416)
4(405 417 573 561)
4(416 572 573 417)
4(406 418 574 562)
4(417 573 574 418)
4(407 419 575 563)
4(418 574 575 419)
4(419 575 576 420)
4(409 421 577 565)
4(116 276 577 421)
4(410 422 578 566)
4(421 577 578 422)
4(411 423 579 567)
4(422 578 579 423)
4(412 424 580 568)
4(423 579 580 424)
4(413 425 581 569)
4(424 580 581 425)
4(414 426 582 570)
4(425 581 582 426)
4(415 427 583 571)
4(426 582 583 427)
4(416 428 584 572)
4(427 583 584 428)
4(417 429 585 573)
4(428 584 585 429)
4(418 430 586 574)
4(429 585 586 430)
4(419 431 587 575)
4(430 586 587 431)
4(431 587 588 432)
4(421 433 589 577)
4(129 288 589 433)
4(422 434 590 578)
4(433 589 590 434)
4(423 435 591 579)
4(434 590 591 435)
4(424 436 592 580)
4(435 591 592 436)
4(425 437 593 581)
4(436 592 593 437)
4(426 438 594 582)
4(437 593 594 438)
4(427 439 595 583)
4(438 594 595 439)
4(428 440 596 584)
4(439 595 596 440)
4(429 441 597 585)
4(440 596 597 441)
4(430 442 598 586)
4(441 597 598 442)
4(431 443 599 587)
4(442 598 599 443)
4(443 599 600 444)
4(433 445 601 589)
4(142 300 601 445)
4(434 446 602 590)
4(445 601 602 446)
4(435 447 603 591)
4(446 602 603 447)
4(436 448 604 592)
4(447 603 604 448)
4(437 449 605 593)
4(448 604 605 449)
4(438 450 606 594)
4(449 605 606 450)
4(439 451 607 595)
4(450 606 607 451)
4(440 452 608 596)
4(451 607 608 452)
4(441 453 609 597)
4(452 608 609 453)
4(442 454 610 598)
4(453 609 610 454)
4(443 455 611 599)
4(454 610 611 455)
4(455 611 612 456)
4(445 457 613 601)
4(155 312 613 457)
4(446 458 614 602)
4(457 613 614 458)
4(447 459 615 603)
4(458 614 615 459)
4(448 460 616 604)
4(459 615 616 460)
4(449 461 617 605)
4(460 616 617 461)
4(450 462 618 606)
4(461 617 618 462)
4(451 463 619 607)
4(462 618 619 463)
4(452 464 620 608)
4(463 619 620 464)
4(453 465 621 609)
4(464 620 621 465)
4(454 466 622 610)
4(465 621 622 466)
4(455 467 623 611)
4(466 622 623 467)
4(467 623 624 468)
4(457 469 625 613)
4(168 324 625 469)
4(458 470 626 614)
4(469 625 626 470)
4(459 471 627 615)
4(470 626 627 471)
4(460 472 628 616)
4(471 627 628 472)
4(461 473 629 617)
4(472 628 629 473)
4(462 474 630 618)
4(473 629 630 474)
4(463 475 631 619)
4(474 630 631 475)
4(464 476 632 620)
4(475 631 632 476)
4(465 477 633 621)
4(476 632 633 477)
4(466 478 634 622)
4(477 633 634 478)
4(467 479 635 623)
4(478 634 635 479)
4(479 635 636 480)
4(637 649 805 793)
4(479 635 805 649)
4(638 650 806 794)
4(649 805 806 650)
4(639 651 807 795)
4(650 806 807 651)
4(640 652 808 796)
4(651 807 808 652)
4(641 653 809 797)
4(652 808 809 653)
4(642 654 810 798)
4(653 809 810 654)
4(643 655 811 799)
4(654 810 811 655)
4(644 656 812 800)
4(655 811 812 656)
4(645 657 813 801)
4(656 812 813 657)
4(646 658 814 802)
4(657 813 814 658)
4(647 659 815 803)
4(658 814 815 659)
4(659 815 816 660)
4(649 661 817 805)
4(478 634 817 661)
4(650 662 818 806)
4(661 817 818 662)
4(651 663 819 807)
4(662 818 819 663)
4(652 664 820 808)
4(663 819 820 664)
4(653 665 821 809)
4(664 820 821 665)
4(654 666 822 810)
4(665 821 822 666)
4(655 667 823 811)
4(666 822 823 667)
4(656 668 824 812)
4(667 823 824 668)
4(657 669 825 813)
4(668 824 825 669)
4(658 670 826 814)
4(669 825 826 670)
4(659 671 827 815)
4(670 826 827 671)
4(671 827 828 672)
4(661 673 829 817)
4(477 633 829 673)
4(662 674 830 818)
4(673 829 830 674)
4(663 675 831 819)
4(674 830 831 675)
4(664 676 832 820)
4(675 831 832 676)
4(665 677 833 821)
4(676 832 833 677)
4(666 678 834 822)
4(677 833 834 678)
4(667 679 835 823)
4(678 834 835 679)
4(668 680 836 824)
4(679 835 836 680)
4(669 681 837 825)
4(680 836 837 681)
4(670 682 838 826)
4(681 837 838 682)
4(671 683 839 827)
4(682 838 839 683)
4(683 839 840 684)
4(673 685 841 829)
4(476 632 841 685)
4(674 686 842 830)
4(685 841 842 686)
4(675 687 843 831)
4(686 842 843 687)
4(676 688 844 832)
4(687 843 844 688)
4(677 689 845 833)
4(688 844 845 689)
4(678 690 846 834)
4(689 845 846 690)
4(679 691 847 835)
4(690 846 847 691)
4(680 692 848 836)
4(691 847 848 692)
4(681 693 849 837)
4(692 848 849 693)
4(682 694 850 838)
4(693 849 850 694)
4(683 695 851 839)
4(694 850 851 695)
4(695 851 852 696)
4(685 697 853 841)
4(475 631 853 697)
4(686 698 854 842)
4(697 853 854 698)
4(687 699 855 843)
4(698 854 855 699)
4(688 700 856 844)
4(699 855 856 700)
4(689 701 857 845)
4(700 856 857 701)
4(690 702 858 846)
4(701 857 858 702)
4(691 703 859 847)
4(702 858 859 703)
4(692 704 860 848)
4(703 859 860 704)
4(693 705 861 849)
4(704 860 861 705)
4(694 706 862 850)
4(705 861 862 706)
4(695 707 863 851)
4(706 862 863 707)
4(707 863 864 708)
4(697 709 865 853)
4(474 630 865 709)
4(698 710 866 854)
4(709 865 866 710)
4(699 711 867 855)
4(710 866 867 711)
4(700 712 868 856)
4(711 867 868 712)
4(701 713 869 857)
4(712 868 869 713)
4(702 714 870 858)
4(713 869 870 714)
4(703 715 871 859)
4(714 870 871 715)
4(704 716 872 860)
4(715 871 872 716)
4(705 717 873 861)
4(716 872 873 717)
4(706 718 874 862)
4(717 873 874 718)
4(707 719 875 863)
4(718 874 875 719)
4(719 875 876 720)
4(709 721 877 865)
4(473 629 877 721)
4(710 722 878 866)
4(721 877 878 722)
4(711 723 879 867)
4(722 878 879 723)
4(712 724 880 868)
4(723 879 880 724)
4(713 725 881 869)
4(724 880 881 725)
4(714 726 882 870)
4(725 881 882 726)
4(715 727 883 871)
4(726 882 883 727)
4(716 728 884 872)
4(727 883 884 728)
4(717 729 885 873)
4(728 884 885 729)
4(718 730 886 874)
4(729 885 886 730)
4(719 731 887 875)
4(730 886 887 731)
4(731 887 888 732)
4(721 733 889 877)
4(472 628 889 733)
4(722 734 890 878)
4(733 889 890 734)
4(723 735 891 879)
4(734 890 891 735)
4(724 736 892 880)
4(735 891 892 736)
4(725 737 893 881)
4(736 892 893 737)
4(726 738 894 882)
4(737 893 894 738)
4(727 739 895 883)
4(738 894 895 739)
4(728 740 896 884)
4(739 895 896 740)
4(729 741 897 885)
4(740 896 897 741)
4(730 742 898 886)
4(741 897 898 742)
4(731 743 899 887)
4(742 898 899 743)
4(743 899 900 744)
4(733 745 901 889)
4(471 627 901 745)
4(734 746 902 890)
4(745 901 902 746)
4(735 747 903 891)
4(746 902 903 747)
4(736 748 904 892)
4(747 903 904 748)
4(737 749 905 893)
4(748 904 905 749)
4(738 750 906 894)
4(749 905 906 750)
4(739 751 907 895)
4(750 906 907 751)
4(740 752 908 896)
4(751 907 908 752)
4(741 753 909 897)
4(752 908 909 753)
4(742 754 910 898)
4(753 909 910 754)
4(743 755 911 899)
4(754 910 911 755)
4(755 911 912 756)
4(745 757 913 901)
4(470 626 913 757)
4(746 758 914 902)
4(757 913 914 758)
4(747 759 915 903)
4(758 914 915 759)
4(748 760 916 904)
4(759 915 916 760)
4(749 761 917 905)
4(760 916 917 761)
4(750 762 918 906)
4(761 917 918 762)
4(751 763 919 907)
4(762 918 919 763)
4(752 764 920 908)
4(763 919 920 764)
4(753 765 921 909)
4(764 920 921 765)
4(754 766 922 910)
4(765 921 922 766)
4(755 767 923 911)
4(766 922 923 767)
4(767 923 924 768)
4(757 769 925 913)
4(469 625 925 769)
4(758 770 926 914)
4(769 925 926 770)
4(759 771 927 915)
4(770 926 927 771)
4(760 772 928 916)
4(771 927 928 772)
4(761 773 929 917)
4(772 928 929 773)
4(762 774 930 918)
4(773 929 930 774)
4(763 775 931 919)
4(774 930 931 775)
4(764 776 932 920)
4(775 931 932 776)
4(765 777 933 921)
4(776 932 933 777)
4(766 778 934 922)
4(777 933 934 778)
4(767 779 935 923)
4(778 934 935 779)
4(779 935 936 780)
4(769 781 937 925)
4(168 324 937 781)
4(770 782 938 926)
4(781 937 938 782)
4(771 783 939 927)
4(782 938 939 783)
4(772 784 940 928)
4(783 939 940 784)
4(773 785 941 929)
4(784 940 941 785)
4(774 786 942 930)
4(785 941 942 786)
4(775 787 943 931)
4(786 942 943 787)
4(776 788 944 932)
4(787 943 944 788)
4(777 789 945 933)
4(788 944 945 789)
4(778 790 946 934)
4(789 945 946 790)
4(779 791 947 935)
4(790 946 947 791)
4(791 947 948 792)
4(781 950 1106 937)
4(949 1105 1106 950)
4(168 324 1105 949)
4(782 951 1107 938)
4(950 1106 1107 951)
4(783 952 1108 939)
4(951 1107 1108 952)
4(784 953 1109 940)
4(952 1108 1109 953)
4(785 954 1110 941)
4(953 1109 1110 954)
4(786 955 1111 942)
4(954 1110 1111 955)
4(787 956 1112 943)
4(955 1111 1112 956)
4(788 957 1113 944)
4(956 1112 1113 957)
4(789 958 1114 945)
4(957 1113 1114 958)
4(790 959 1115 946)
4(958 1114 1115 959)
4(791 960 1116 947)
4(959 1115 1116 960)
4(960 1116 1117 961)
4(950 963 1119 1106)
4(962 1118 1119 963)
4(949 1105 1118 962)
4(951 964 1120 1107)
4(963 1119 1120 964)
4(952 965 1121 1108)
4(964 1120 1121 965)
4(953 966 1122 1109)
4(965 1121 1122 966)
4(954 967 1123 1110)
4(966 1122 1123 967)
4(955 968 1124 1111)
4(967 1123 1124 968)
4(956 969 1125 1112)
4(968 1124 1125 969)
4(957 970 1126 1113)
4(969 1125 1126 970)
4(958 971 1127 1114)
4(970 1126 1127 971)
4(959 972 1128 1115)
4(971 1127 1128 972)
4(960 973 1129 1116)
4(972 1128 1129 973)
4(973 1129 1130 974)
4(963 976 1132 1119)
4(975 1131 1132 976)
4(962 1118 1131 975)
4(964 977 1133 1120)
4(976 1132 1133 977)
4(965 978 1134 1121)
4(977 1133 1134 978)
4(966 979 1135 1122)
4(978 1134 1135 979)
4(967 980 1136 1123)
4(979 1135 1136 980)
4(968 981 1137 1124)
4(980 1136 1137 981)
4(969 982 1138 1125)
4(981 1137 1138 982)
4(970 983 1139 1126)
4(982 1138 1139 983)
4(971 984 1140 1127)
4(983 1139 1140 984)
4(972 985 1141 1128)
4(984 1140 1141 985)
4(973 986 1142 1129)
4(985 1141 1142 986)
4(986 1142 1143 987)
4(976 989 1145 1132)
4(988 1144 1145 989)
4(975 1131 1144 988)
4(977 990 1146 1133)
4(989 1145 1146 990)
4(978 991 1147 1134)
4(990 1146 1147 991)
4(979 992 1148 1135)
4(991 1147 1148 992)
4(980 993 1149 1136)
4(992 1148 1149 993)
4(981 994 1150 1137)
4(993 1149 1150 994)
4(982 995 1151 1138)
4(994 1150 1151 995)
4(983 996 1152 1139)
4(995 1151 1152 996)
4(984 997 1153 1140)
4(996 1152 1153 997)
4(985 998 1154 1141)
4(997 1153 1154 998)
4(986 999 1155 1142)
4(998 1154 1155 999)
4(999 1155 1156 1000)
4(989 1002 1158 1145)
4(1001 1157 1158 1002)
4(988 1144 1157 1001)
4(990 1003 1159 1146)
4(1002 1158 1159 1003)
4(991 1004 1160 1147)
4(1003 1159 1160 1004)
4(992 1005 1161 1148)
4(1004 1160 1161 1005)
4(993 1006 1162 1149)
4(1005 1161 1162 1006)
4(994 1007 1163 1150)
4(1006 1162 1163 1007)
4(995 1008 1164 1151)
4(1007 1163 1164 1008)
4(996 1009 1165 1152)
4(1008 1164 1165 1009)
4(997 1010 1166 1153)
4(1009 1165 1166 1010)
4(998 1011 1167 1154)
4(1010 1166 1167 1011)
4(999 1012 1168 1155)
4(1011 1167 1168 1012)
4(1012 1168 1169 1013)
4(1002 1015 1171 1158)
4(1014 1170 1171 1015)
4(1001 1157 1170 1014)
4(1003 1016 1172 1159)
4(1015 1171 1172 1016)
4(1004 1017 1173 1160)
4(1016 1172 1173 1017)
4(1005 1018 1174 1161)
4(1017 1173 1174 1018)
4(1006 1019 1175 1162)
4(1018 1174 1175 1019)
4(1007 1020 1176 1163)
4(1019 1175 1176 1020)
4(1008 1021 1177 1164)
4(1020 1176 1177 1021)
4(1009 1022 1178 1165)
4(1021 1177 1178 1022)
4(1010 1023 1179 1166)
4(1022 1178 1179 1023)
4(1011 1024 1180 1167)
4(1023 1179 1180 1024)
4(1012 1025 1181 1168)
4(1024 1180 1181 1025)
4(1025 1181 1182 1026)
4(1015 1028 1184 1171)
4(1027 1183 1184 1028)
4(1014 1170 1183 1027)
4(1016 1029 1185 1172)
4(1028 1184 1185 1029)
4(1017 1030 1186 1173)
4(1029 1185 1186 1030)
4(1018 1031 1187 1174)
4(1030 1186 1187 1031)
4(1019 1032 1188 1175)
4(1031 1187 1188 1032)
4(1020 1033 1189 1176)
4(1032 1188 1189 1033)
4(1021 1034 1190 1177)
4(1033 1189 1190 1034)
4(1022 1035 1191 1178)
4(1034 1190 1191 1035)
4(1023 1036 1192 1179)
4(1035 1191 1192 1036)
4(1024 1037 1193 1180)
4(1036 1192 1193 1037)
4(1025 1038 1194 1181)
4(1037 1193 1194 1038)
4(1038 1194 1195 1039)
4(1028 1041 1197 1184)
4(1040 1196 1197 1041)
4(1027 1183 1196 1040)
4(1029 1042 1198 1185)
4(1041 1197 1198 1042)
4(1030 1043 1199 1186)
4(1042 1198 1199 1043)
4(1031 1044 1200 1187)
4(1043 1199 1200 1044)
4(1032 1045 1201 1188)
4(1044 1200 1201 1045)
4(1033 1046 1202 1189)
4(1045 1201 1202 1046)
4(1034 1047 1203 1190)
4(1046 1202 1203 1047)
4(1035 1048 1204 1191)
4(1047 1203 1204 1048)
4(1036 1049 1205 1192)
4(1048 1204 1205 1049)
4(1037 1050 1206 1193)
4(1049 1205 1206 1050)
4(1038 1051 1207 1194)
4(1050 1206 1207 1051)
4(1051 1207 1208 1052)
4(1041 1054 1210 1197)
4(1053 1209 1210 1054)
4(1040 1196 1209 1053)
4(1042 1055 1211 1198)
4(1054 1210 1211 1055)
4(1043 1056 1212 1199)
4(1055 1211 1212 1056)
4(1044 1057 1213 1200)
4(1056 1212 1213 1057)
4(1045 1058 1214 1201)
4(1057 1213 1214 1058)
4(1046 1059 1215 1202)
4(1058 1214 1215 1059)
4(1047 1060 1216 1203)
4(1059 1215 1216 1060)
4(1048 1061 1217 1204)
4(1060 1216 1217 1061)
4(1049 1062 1218 1205)
4(1061 1217 1218 1062)
4(1050 1063 1219 1206)
4(1062 1218 1219 1063)
4(1051 1064 1220 1207)
4(1063 1219 1220 1064)
4(1064 1220 1221 1065)
4(1054 1067 1223 1210)
4(1066 1222 1223 1067)
4(1053 1209 1222 1066)
4(1055 1068 1224 1211)
4(1067 1223 1224 1068)
4(1056 1069 1225 1212)
4(1068 1224 1225 1069)
4(1057 1070 1226 1213)
4(1069 1225 1226 1070)
4(1058 1071 1227 1214)
4(1070 1226 1227 1071)
4(1059 1072 1228 1215)
4(1071 1227 1228 1072)
4(1060 1073 1229 1216)
4(1072 1228 1229 1073)
4(1061 1074 1230 1217)
4(1073 1229 1230 1074)
4(1062 1075 1231 1218)
4(1074 1230 1231 1075)
4(1063 1076 1232 1219)
4(1075 1231 1232 1076)
4(1064 1077 1233 1220)
4(1076 1232 1233 1077)
4(1077 1233 1234 1078)
4(1067 1080 1236 1223)
4(1079 1235 1236 1080)
4(1066 1222 1235 1079)
4(1068 1081 1237 1224)
4(1080 1236 1237 1081)
4(1069 1082 1238 1225)
4(1081 1237 1238 1082)
4(1070 1083 1239 1226)
4(1082 1238 1239 1083)
4(1071 1084 1240 1227)
4(1083 1239 1240 1084)
4(1072 1085 1241 1228)
4(1084 1240 1241 1085)
4(1073 1086 1242 1229)
4(1085 1241 1242 1086)
4(1074 1087 1243 1230)
4(1086 1242 1243 1087)
4(1075 1088 1244 1231)
4(1087 1243 1244 1088)
4(1076 1089 1245 1232)
4(1088 1244 1245 1089)
4(1077 1090 1246 1233)
4(1089 1245 1246 1090)
4(1090 1246 1247 1091)
4(1080 1093 1249 1236)
4(1079 1235 1248 1092)
4(1081 1094 1250 1237)
4(1082 1095 1251 1238)
4(1083 1096 1252 1239)
4(1084 1097 1253 1240)
4(1085 1098 1254 1241)
4(1086 1099 1255 1242)
4(1087 1100 1256 1243)
4(1088 1101 1257 1244)
4(1089 1102 1258 1245)
4(1090 1103 1259 1246)
4(313 157 1262 1405)
3(1261 1405 1262)
4(158 1263 1406 314)
4(1262 1405 1406 1263)
4(159 1264 1407 315)
4(1263 1406 1407 1264)
4(160 1265 1408 316)
4(1264 1407 1408 1265)
4(161 1266 1409 317)
4(1265 1408 1409 1266)
4(162 1267 1410 318)
4(1266 1409 1410 1267)
4(163 1268 1411 319)
4(1267 1410 1411 1268)
4(164 1269 1412 320)
4(1268 1411 1412 1269)
4(165 1270 1413 321)
4(1269 1412 1413 1270)
4(166 1271 1414 322)
4(1270 1413 1414 1271)
4(167 1272 1415 323)
4(1271 1414 1415 1272)
4(1272 1415 1105 949)
4(1405 1262 1274 1416)
3(1273 1416 1274)
4(1263 1275 1417 1406)
4(1274 1416 1417 1275)
4(1264 1276 1418 1407)
4(1275 1417 1418 1276)
4(1265 1277 1419 1408)
4(1276 1418 1419 1277)
4(1266 1278 1420 1409)
4(1277 1419 1420 1278)
4(1267 1279 1421 1410)
4(1278 1420 1421 1279)
4(1268 1280 1422 1411)
4(1279 1421 1422 1280)
4(1269 1281 1423 1412)
4(1280 1422 1423 1281)
4(1270 1282 1424 1413)
4(1281 1423 1424 1282)
4(1271 1283 1425 1414)
4(1282 1424 1425 1283)
4(1272 1284 1426 1415)
4(1283 1425 1426 1284)
4(1284 1426 1118 962)
4(1416 1274 1286 1427)
3(1285 1427 1286)
4(1275 1287 1428 1417)
4(1286 1427 1428 1287)
4(1276 1288 1429 1418)
4(1287 1428 1429 1288)
4(1277 1289 1430 1419)
4(1288 1429 1430 1289)
4(1278 1290 1431 1420)
4(1289 1430 1431 1290)
4(1279 1291 1432 1421)
4(1290 1431 1432 1291)
4(1280 1292 1433 1422)
4(1291 1432 1433 1292)
4(1281 1293 1434 1423)
4(1292 1433 1434 1293)
4(1282 1294 1435 1424)
4(1293 1434 1435 1294)
4(1283 1295 1436 1425)
4(1294 1435 1436 1295)
4(1284 1296 1437 1426)
4(1295 1436 1437 1296)
4(1296 1437 1131 975)
4(1427 1286 1298 1438)
3(1297 1438 1298)
4(1287 1299 1439 1428)
4(1298 1438 1439 1299)
4(1288 1300 1440 1429)
4(1299 1439 1440 1300)
4(1289 1301 1441 1430)
4(1300 1440 1441 1301)
4(1290 1302 1442 1431)
4(1301 1441 1442 1302)
4(1291 1303 1443 1432)
4(1302 1442 1443 1303)
4(1292 1304 1444 1433)
4(1303 1443 1444 1304)
4(1293 1305 1445 1434)
4(1304 1444 1445 1305)
4(1294 1306 1446 1435)
4(1305 1445 1446 1306)
4(1295 1307 1447 1436)
4(1306 1446 1447 1307)
4(1296 1308 1448 1437)
4(1307 1447 1448 1308)
4(1308 1448 1144 988)
4(1438 1298 1310 1449)
3(1309 1449 1310)
4(1299 1311 1450 1439)
4(1310 1449 1450 1311)
4(1300 1312 1451 1440)
4(1311 1450 1451 1312)
4(1301 1313 1452 1441)
4(1312 1451 1452 1313)
4(1302 1314 1453 1442)
4(1313 1452 1453 1314)
4(1303 1315 1454 1443)
4(1314 1453 1454 1315)
4(1304 1316 1455 1444)
4(1315 1454 1455 1316)
4(1305 1317 1456 1445)
4(1316 1455 1456 1317)
4(1306 1318 1457 1446)
4(1317 1456 1457 1318)
4(1307 1319 1458 1447)
4(1318 1457 1458 1319)
4(1308 1320 1459 1448)
4(1319 1458 1459 1320)
4(1320 1459 1157 1001)
4(1449 1310 1322 1460)
3(1321 1460 1322)
4(1311 1323 1461 1450)
4(1322 1460 1461 1323)
4(1312 1324 1462 1451)
4(1323 1461 1462 1324)
4(1313 1325 1463 1452)
4(1324 1462 1463 1325)
4(1314 1326 1464 1453)
4(1325 1463 1464 1326)
4(1315 1327 1465 1454)
4(1326 1464 1465 1327)
4(1316 1328 1466 1455)
4(1327 1465 1466 1328)
4(1317 1329 1467 1456)
4(1328 1466 1467 1329)
4(1318 1330 1468 1457)
4(1329 1467 1468 1330)
4(1319 1331 1469 1458)
4(1330 1468 1469 1331)
4(1320 1332 1470 1459)
4(1331 1469 1470 1332)
4(1332 1470 1170 1014)
4(1460 1322 1334 1471)
3(1333 1471 1334)
4(1323 1335 1472 1461)
4(1334 1471 1472 1335)
4(1324 1336 1473 1462)
4(1335 1472 1473 1336)
4(1325 1337 1474 1463)
4(1336 1473 1474 1337)
4(1326 1338 1475 1464)
4(1337 1474 1475 1338)
4(1327 1339 1476 1465)
4(1338 1475 1476 1339)
4(1328 1340 1477 1466)
4(1339 1476 1477 1340)
4(1329 1341 1478 1467)
4(1340 1477 1478 1341)
4(1330 1342 1479 1468)
4(1341 1478 1479 1342)
4(1331 1343 1480 1469)
4(1342 1479 1480 1343)
4(1332 1344 1481 1470)
4(1343 1480 1481 1344)
4(1344 1481 1183 1027)
4(1471 1334 1346 1482)
3(1345 1482 1346)
4(1335 1347 1483 1472)
4(1346 1482 1483 1347)
4(1336 1348 1484 1473)
4(1347 1483 1484 1348)
4(1337 1349 1485 1474)
4(1348 1484 1485 1349)
4(1338 1350 1486 1475)
4(1349 1485 1486 1350)
4(1339 1351 1487 1476)
4(1350 1486 1487 1351)
4(1340 1352 1488 1477)
4(1351 1487 1488 1352)
4(1341 1353 1489 1478)
4(1352 1488 1489 1353)
4(1342 1354 1490 1479)
4(1353 1489 1490 1354)
4(1343 1355 1491 1480)
4(1354 1490 1491 1355)
4(1344 1356 1492 1481)
4(1355 1491 1492 1356)
4(1356 1492 1196 1040)
4(1482 1346 1358 1493)
3(1357 1493 1358)
4(1347 1359 1494 1483)
4(1358 1493 1494 1359)
4(1348 1360 1495 1484)
4(1359 1494 1495 1360)
4(1349 1361 1496 1485)
4(1360 1495 1496 1361)
4(1350 1362 1497 1486)
4(1361 1496 1497 1362)
4(1351 1363 1498 1487)
4(1362 1497 1498 1363)
4(1352 1364 1499 1488)
4(1363 1498 1499 1364)
4(1353 1365 1500 1489)
4(1364 1499 1500 1365)
4(1354 1366 1501 1490)
4(1365 1500 1501 1366)
4(1355 1367 1502 1491)
4(1366 1501 1502 1367)
4(1356 1368 1503 1492)
4(1367 1502 1503 1368)
4(1368 1503 1209 1053)
4(1493 1358 1370 1504)
3(1369 1504 1370)
4(1359 1371 1505 1494)
4(1370 1504 1505 1371)
4(1360 1372 1506 1495)
4(1371 1505 1506 1372)
4(1361 1373 1507 1496)
4(1372 1506 1507 1373)
4(1362 1374 1508 1497)
4(1373 1507 1508 1374)
4(1363 1375 1509 1498)
4(1374 1508 1509 1375)
4(1364 1376 1510 1499)
4(1375 1509 1510 1376)
4(1365 1377 1511 1500)
4(1376 1510 1511 1377)
4(1366 1378 1512 1501)
4(1377 1511 1512 1378)
4(1367 1379 1513 1502)
4(1378 1512 1513 1379)
4(1368 1380 1514 1503)
4(1379 1513 1514 1380)
4(1380 1514 1222 1066)
4(1504 1370 1382 1515)
3(1381 1515 1382)
4(1371 1383 1516 1505)
4(1382 1515 1516 1383)
4(1372 1384 1517 1506)
4(1383 1516 1517 1384)
4(1373 1385 1518 1507)
4(1384 1517 1518 1385)
4(1374 1386 1519 1508)
4(1385 1518 1519 1386)
4(1375 1387 1520 1509)
4(1386 1519 1520 1387)
4(1376 1388 1521 1510)
4(1387 1520 1521 1388)
4(1377 1389 1522 1511)
4(1388 1521 1522 1389)
4(1378 1390 1523 1512)
4(1389 1522 1523 1390)
4(1379 1391 1524 1513)
4(1390 1523 1524 1391)
4(1380 1392 1525 1514)
4(1391 1524 1525 1392)
4(1392 1525 1235 1079)
4(1515 1382 1394 1526)
4(1383 1395 1527 1516)
4(1384 1396 1528 1517)
4(1385 1397 1529 1518)
4(1386 1398 1530 1519)
4(1387 1399 1531 1520)
4(1388 1400 1532 1521)
4(1389 1401 1533 1522)
4(1390 1402 1534 1523)
4(1391 1403 1535 1524)
4(1392 1404 1536 1525)
4(792 961 1117 948)
4(961 974 1130 1117)
4(974 987 1143 1130)
4(987 1000 1156 1143)
4(1000 1013 1169 1156)
4(1013 1026 1182 1169)
4(1026 1039 1195 1182)
4(1039 1052 1208 1195)
4(1052 1065 1221 1208)
4(1065 1078 1234 1221)
4(1078 1091 1247 1234)
4(1091 1104 1260 1247)
4(648 660 816 804)
4(660 672 828 816)
4(672 684 840 828)
4(684 696 852 840)
4(696 708 864 852)
4(708 720 876 864)
4(720 732 888 876)
4(732 744 900 888)
4(744 756 912 900)
4(756 768 924 912)
4(768 780 936 924)
4(780 792 948 936)
3(0 1 169)
4(1 2 170 169)
4(2 3 171 170)
4(3 4 172 171)
4(4 5 173 172)
4(5 6 174 173)
4(6 7 175 174)
4(7 8 176 175)
4(8 9 177 176)
4(9 10 178 177)
4(10 11 179 178)
4(11 12 180 179)
4(12 325 481 180)
4(325 326 482 481)
4(326 327 483 482)
4(327 328 484 483)
4(328 329 485 484)
4(329 330 486 485)
4(330 331 487 486)
4(331 332 488 487)
4(332 333 489 488)
4(333 334 490 489)
4(334 335 491 490)
4(335 336 492 491)
3(1393 1526 1394)
4(1394 1526 1527 1395)
4(1395 1527 1528 1396)
4(1396 1528 1529 1397)
4(1397 1529 1530 1398)
4(1398 1530 1531 1399)
4(1399 1531 1532 1400)
4(1400 1532 1533 1401)
4(1401 1533 1534 1402)
4(1402 1534 1535 1403)
4(1403 1535 1536 1404)
4(1404 1536 1248 1092)
4(1092 1248 1249 1093)
4(1093 1249 1250 1094)
4(1094 1250 1251 1095)
4(1095 1251 1252 1096)
4(1096 1252 1253 1097)
4(1097 1253 1254 1098)
4(1098 1254 1255 1099)
4(1099 1255 1256 1100)
4(1100 1256 1257 1101)
4(1101 1257 1258 1102)
4(1102 1258 1259 1103)
4(1103 1259 1260 1104)
4(480 637 793 636)
4(637 638 794 793)
4(638 639 795 794)
4(639 640 796 795)
4(640 641 797 796)
4(641 642 798 797)
4(642 643 799 798)
4(643 644 800 799)
4(644 645 801 800)
4(645 646 802 801)
4(646 647 803 802)
4(647 648 804 803)
4(336 348 504 492)
4(348 360 516 504)
4(360 372 528 516)
4(372 384 540 528)
4(384 396 552 540)
4(396 408 564 552)
4(408 420 576 564)
4(420 432 588 576)
4(432 444 600 588)
4(444 456 612 600)
4(456 468 624 612)
4(468 480 636 624)
4(0 169 181 13)
4(13 181 193 26)
4(26 193 205 39)
4(39 205 217 52)
4(52 217 229 65)
4(65 229 241 78)
4(78 241 253 91)
4(91 253 265 104)
4(104 265 277 117)
4(117 277 289 130)
4(130 289 301 143)
4(143 301 313 156)
4(169 170 182 181)
4(181 182 194 193)
4(193 194 206 205)
4(205 206 218 217)
4(217 218 230 229)
4(229 230 242 241)
4(241 242 254 253)
4(253 254 266 265)
4(265 266 278 277)
4(277 278 290 289)
4(289 290 302 301)
4(301 302 314 313)
4(170 171 183 182)
4(182 183 195 194)
4(194 195 207 206)
4(206 207 219 218)
4(218 219 231 230)
4(230 231 243 242)
4(242 243 255 254)
4(254 255 267 266)
4(266 267 279 278)
4(278 279 291 290)
4(290 291 303 302)
4(302 303 315 314)
4(171 172 184 183)
4(183 184 196 195)
4(195 196 208 207)
4(207 208 220 219)
4(219 220 232 231)
4(231 232 244 243)
4(243 244 256 255)
4(255 256 268 267)
4(267 268 280 279)
4(279 280 292 291)
4(291 292 304 303)
4(303 304 316 315)
4(172 173 185 184)
4(184 185 197 196)
4(196 197 209 208)
4(208 209 221 220)
4(220 221 233 232)
4(232 233 245 244)
4(244 245 257 256)
4(256 257 269 268)
4(268 269 281 280)
4(280 281 293 292)
4(292 293 305 304)
4(304 305 317 316)
4(173 174 186 185)
4(185 186 198 197)
4(197 198 210 209)
4(209 210 222 221)
4(221 222 234 233)
4(233 234 246 245)
4(245 246 258 257)
4(257 258 270 269)
4(269 270 282 281)
4(281 282 294 293)
4(293 294 306 305)
4(305 306 318 317)
4(174 175 187 186)
4(186 187 199 198)
4(198 199 211 210)
4(210 211 223 222)
4(222 223 235 234)
4(234 235 247 246)
4(246 247 259 258)
4(258 259 271 270)
4(270 271 283 282)
4(282 283 295 294)
4(294 295 307 306)
4(306 307 319 318)
4(175 176 188 187)
4(187 188 200 199)
4(199 200 212 211)
4(211 212 224 223)
4(223 224 236 235)
4(235 236 248 247)
4(247 248 260 259)
4(259 260 272 271)
4(271 272 284 283)
4(283 284 296 295)
4(295 296 308 307)
4(307 308 320 319)
4(176 177 189 188)
4(188 189 201 200)
4(200 201 213 212)
4(212 213 225 224)
4(224 225 237 236)
4(236 237 249 248)
4(248 249 261 260)
4(260 261 273 272)
4(272 273 285 284)
4(284 285 297 296)
4(296 297 309 308)
4(308 309 321 320)
4(177 178 190 189)
4(189 190 202 201)
4(201 202 214 213)
4(213 214 226 225)
4(225 226 238 237)
4(237 238 250 249)
4(249 250 262 261)
4(261 262 274 273)
4(273 274 286 285)
4(285 286 298 297)
4(297 298 310 309)
4(309 310 322 321)
4(178 179 191 190)
4(190 191 203 202)
4(202 203 215 214)
4(214 215 227 226)
4(226 227 239 238)
4(238 239 251 250)
4(250 251 263 262)
4(262 263 275 274)
4(274 275 287 286)
4(286 287 299 298)
4(298 299 311 310)
4(310 311 323 322)
4(179 180 192 191)
4(191 192 204 203)
4(203 204 216 215)
4(215 216 228 227)
4(227 228 240 239)
4(239 240 252 251)
4(251 252 264 263)
4(263 264 276 275)
4(275 276 288 287)
4(287 288 300 299)
4(299 300 312 311)
4(311 312 324 323)
4(156 313 1405 1261)
4(1261 1405 1416 1273)
4(1273 1416 1427 1285)
4(1285 1427 1438 1297)
4(1297 1438 1449 1309)
4(1309 1449 1460 1321)
4(1321 1460 1471 1333)
4(1333 1471 1482 1345)
4(1345 1482 1493 1357)
4(1357 1493 1504 1369)
4(1369 1504 1515 1381)
4(1381 1515 1526 1393)
4(313 314 1406 1405)
4(1405 1406 1417 1416)
4(1416 1417 1428 1427)
4(1427 1428 1439 1438)
4(1438 1439 1450 1449)
4(1449 1450 1461 1460)
4(1460 1461 1472 1471)
4(1471 1472 1483 1482)
4(1482 1483 1494 1493)
4(1493 1494 1505 1504)
4(1504 1505 1516 1515)
4(1515 1516 1527 1526)
4(314 315 1407 1406)
4(1406 1407 1418 1417)
4(1417 1418 1429 1428)
4(1428 1429 1440 1439)
4(1439 1440 1451 1450)
4(1450 1451 1462 1461)
4(1461 1462 1473 1472)
4(1472 1473 1484 1483)
4(1483 1484 1495 1494)
4(1494 1495 1506 1505)
4(1505 1506 1517 1516)
4(1516 1517 1528 1527)
4(315 316 1408 1407)
4(1407 1408 1419 1418)
4(1418 1419 1430 1429)
4(1429 1430 1441 1440)
4(1440 1441 1452 1451)
4(1451 1452 1463 1462)
4(1462 1463 1474 1473)
4(1473 1474 1485 1484)
4(1484 1485 1496 1495)
4(1495 1496 1507 1506)
4(1506 1507 1518 1517)
4(1517 1518 1529 1528)
4(316 317 1409 1408)
4(1408 1409 1420 1419)
4(1419 1420 1431 1430)
4(1430 1431 1442 1441)
4(1441 1442 1453 1452)
4(1452 1453 1464 1463)
4(1463 1464 1475 1474)
4(1474 1475 1486 1485)
4(1485 1486 1497 1496)
4(1496 1497 1508 1507)
4(1507 1508 1519 1518)
4(1518 1519 1530 1529)
4(317 318 1410 1409)
4(1409 1410 1421 1420)
4(1420 1421 1432 1431)
4(1431 1432 1443 1442)
4(1442 1443 1454 1453)
4(1453 1454 1465 1464)
4(1464 1465 1476 1475)
4(1475 1476 1487 1486)
4(1486 1487 1498 1497)
4(1497 1498 1509 1508)
4(1508 1509 1520 1519)
4(1519 1520 1531 1530)
4(318 319 1411 1410)
4(1410 1411 1422 1421)
4(1421 1422 1433 1432)
4(1432 1433 1444 1443)
4(1443 1444 1455 1454)
4(1454 1455 1466 1465)
4(1465 1466 1477 1476)
4(1476 1477 1488 1487)
4(1487 1488 1499 1498)
4(1498 1499 1510 1509)
4(1509 1510 1521 1520)
4(1520 1521 1532 1531)
4(319 320 1412 1411)
4(1411 1412 1423 1422)
4(1422 1423 1434 1433)
4(1433 1434 1445 1444)
4(1444 1445 1456 1455)
4(1455 1456 1467 1466)
4(1466 1467 1478 1477)
4(1477 1478 1489 1488)
4(1488 1489 1500 1499)
4(1499 1500 1511 1510)
4(1510 1511 1522 1521)
4(1521 1522 1533 1532)
4(320 321 1413 1412)
4(1412 1413 1424 1423)
4(1423 1424 1435 1434)
4(1434 1435 1446 1445)
4(1445 1446 1457 1456)
4(1456 1457 1468 1467)
4(1467 1468 1479 1478)
4(1478 1479 1490 1489)
4(1489 1490 1501 1500)
4(1500 1501 1512 1511)
4(1511 1512 1523 1522)
4(1522 1523 1534 1533)
4(321 322 1414 1413)
4(1413 1414 1425 1424)
4(1424 1425 1436 1435)
4(1435 1436 1447 1446)
4(1446 1447 1458 1457)
4(1457 1458 1469 1468)
4(1468 1469 1480 1479)
4(1479 1480 1491 1490)
4(1490 1491 1502 1501)
4(1501 1502 1513 1512)
4(1512 1513 1524 1523)
4(1523 1524 1535 1534)
4(322 323 1415 1414)
4(1414 1415 1426 1425)
4(1425 1426 1437 1436)
4(1436 1437 1448 1447)
4(1447 1448 1459 1458)
4(1458 1459 1470 1469)
4(1469 1470 1481 1480)
4(1480 1481 1492 1491)
4(1491 1492 1503 1502)
4(1502 1503 1514 1513)
4(1513 1514 1525 1524)
4(1524 1525 1536 1535)
4(323 324 1105 1415)
4(1415 1105 1118 1426)
4(1426 1118 1131 1437)
4(1437 1131 1144 1448)
4(1448 1144 1157 1459)
4(1459 1157 1170 1470)
4(1470 1170 1183 1481)
4(1481 1183 1196 1492)
4(1492 1196 1209 1503)
4(1503 1209 1222 1514)
4(1514 1222 1235 1525)
4(1525 1235 1248 1536)
4(324 937 1106 1105)
4(1105 1106 1119 1118)
4(1118 1119 1132 1131)
4(1131 1132 1145 1144)
4(1144 1145 1158 1157)
4(1157 1158 1171 1170)
4(1170 1171 1184 1183)
4(1183 1184 1197 1196)
4(1196 1197 1210 1209)
4(1209 1210 1223 1222)
4(1222 1223 1236 1235)
4(1235 1236 1249 1248)
4(937 938 1107 1106)
4(1106 1107 1120 1119)
4(1119 1120 1133 1132)
4(1132 1133 1146 1145)
4(1145 1146 1159 1158)
4(1158 1159 1172 1171)
4(1171 1172 1185 1184)
4(1184 1185 1198 1197)
4(1197 1198 1211 1210)
4(1210 1211 1224 1223)
4(1223 1224 1237 1236)
4(1236 1237 1250 1249)
4(938 939 1108 1107)
4(1107 1108 1121 1120)
4(1120 1121 1134 1133)
4(1133 1134 1147 1146)
4(1146 1147 1160 1159)
4(1159 1160 1173 1172)
4(1172 1173 1186 1185)
4(1185 1186 1199 1198)
4(1198 1199 1212 1211)
4(1211 1212 1225 1224)
4(1224 1225 1238 1237)
4(1237 1238 1251 1250)
4(939 940 1109 1108)
4(1108 1109 1122 1121)
4(1121 1122 1135 1134)
4(1134 1135 1148 1147)
4(1147 1148 1161 1160)
4(1160 1161 1174 1173)
4(1173 1174 1187 1186)
4(1186 1187 1200 1199)
4(1199 1200 1213 1212)
4(1212 1213 1226 1225)
4(1225 1226 1239 1238)
4(1238 1239 1252 1251)
4(940 941 1110 1109)
4(1109 1110 1123 1122)
4(1122 1123 1136 1135)
4(1135 1136 1149 1148)
4(1148 1149 1162 1161)
4(1161 1162 1175 1174)
4(1174 1175 1188 1187)
4(1187 1188 1201 1200)
4(1200 1201 1214 1213)
4(1213 1214 1227 1226)
4(1226 1227 1240 1239)
4(1239 1240 1253 1252)
4(941 942 1111 1110)
4(1110 1111 1124 1123)
4(1123 1124 1137 1136)
4(1136 1137 1150 1149)
4(1149 1150 1163 1162)
4(1162 1163 1176 1175)
4(1175 1176 1189 1188)
4(1188 1189 1202 1201)
4(1201 1202 1215 1214)
4(1214 1215 1228 1227)
4(1227 1228 1241 1240)
4(1240 1241 1254 1253)
4(942 943 1112 1111)
4(1111 1112 1125 1124)
4(1124 1125 1138 1137)
4(1137 1138 1151 1150)
4(1150 1151 1164 1163)
4(1163 1164 1177 1176)
4(1176 1177 1190 1189)
4(1189 1190 1203 1202)
4(1202 1203 1216 1215)
4(1215 1216 1229 1228)
4(1228 1229 1242 1241)
4(1241 1242 1255 1254)
4(943 944 1113 1112)
4(1112 1113 1126 1125)
4(1125 1126 1139 1138)
4(1138 1139 1152 1151)
4(1151 1152 1165 1164)
4(1164 1165 1178 1177)
4(1177 1178 1191 1190)
4(1190 1191 1204 1203)
4(1203 1204 1217 1216)
4(1216 1217 1230 1229)
4(1229 1230 1243 1242)
4(1242 1243 1256 1255)
4(944 945 1114 1113)
4(1113 1114 1127 1126)
4(1126 1127 1140 1139)
4(1139 1140 1153 1152)
4(1152 1153 1166 1165)
4(1165 1166 1179 1178)
4(1178 1179 1192 1191)
4(1191 1192 1205 1204)
4(1204 1205 1218 1217)
4(1217 1218 1231 1230)
4(1230 1231 1244 1243)
4(1243 1244 1257 1256)
4(945 946 1115 1114)
4(1114 1115 1128 1127)
4(1127 1128 1141 1140)
4(1140 1141 1154 1153)
4(1153 1154 1167 1166)
4(1166 1167 1180 1179)
4(1179 1180 1193 1192)
4(1192 1193 1206 1205)
4(1205 1206 1219 1218)
4(1218 1219 1232 1231)
4(1231 1232 1245 1244)
4(1244 1245 1258 1257)
4(946 947 1116 1115)
4(1115 1116 1129 1128)
4(1128 1129 1142 1141)
4(1141 1142 1155 1154)
4(1154 1155 1168 1167)
4(1167 1168 1181 1180)
4(1180 1181 1194 1193)
4(1193 1194 1207 1206)
4(1206 1207 1220 1219)
4(1219 1220 1233 1232)
4(1232 1233 1246 1245)
4(1245 1246 1259 1258)
4(947 948 1117 1116)
4(1116 1117 1130 1129)
4(1129 1130 1143 1142)
4(1142 1143 1156 1155)
4(1155 1156 1169 1168)
4(1168 1169 1182 1181)
4(1181 1182 1195 1194)
4(1194 1195 1208 1207)
4(1207 1208 1221 1220)
4(1220 1221 1234 1233)
4(1233 1234 1247 1246)
4(1246 1247 1260 1259)
4(636 793 805 635)
4(635 805 817 634)
4(634 817 829 633)
4(633 829 841 632)
4(632 841 853 631)
4(631 853 865 630)
4(630 865 877 629)
4(629 877 889 628)
4(628 889 901 627)
4(627 901 913 626)
4(626 913 925 625)
4(625 925 937 324)
4(793 794 806 805)
4(805 806 818 817)
4(817 818 830 829)
4(829 830 842 841)
4(841 842 854 853)
4(853 854 866 865)
4(865 866 878 877)
4(877 878 890 889)
4(889 890 902 901)
4(901 902 914 913)
4(913 914 926 925)
4(925 926 938 937)
4(794 795 807 806)
4(806 807 819 818)
4(818 819 831 830)
4(830 831 843 842)
4(842 843 855 854)
4(854 855 867 866)
4(866 867 879 878)
4(878 879 891 890)
4(890 891 903 902)
4(902 903 915 914)
4(914 915 927 926)
4(926 927 939 938)
4(795 796 808 807)
4(807 808 820 819)
4(819 820 832 831)
4(831 832 844 843)
4(843 844 856 855)
4(855 856 868 867)
4(867 868 880 879)
4(879 880 892 891)
4(891 892 904 903)
4(903 904 916 915)
4(915 916 928 927)
4(927 928 940 939)
4(796 797 809 808)
4(808 809 821 820)
4(820 821 833 832)
4(832 833 845 844)
4(844 845 857 856)
4(856 857 869 868)
4(868 869 881 880)
4(880 881 893 892)
4(892 893 905 904)
4(904 905 917 916)
4(916 917 929 928)
4(928 929 941 940)
4(797 798 810 809)
4(809 810 822 821)
4(821 822 834 833)
4(833 834 846 845)
4(845 846 858 857)
4(857 858 870 869)
4(869 870 882 881)
4(881 882 894 893)
4(893 894 906 905)
4(905 906 918 917)
4(917 918 930 929)
4(929 930 942 941)
4(798 799 811 810)
4(810 811 823 822)
4(822 823 835 834)
4(834 835 847 846)
4(846 847 859 858)
4(858 859 871 870)
4(870 871 883 882)
4(882 883 895 894)
4(894 895 907 906)
4(906 907 919 918)
4(918 919 931 930)
4(930 931 943 942)
4(799 800 812 811)
4(811 812 824 823)
4(823 824 836 835)
4(835 836 848 847)
4(847 848 860 859)
4(859 860 872 871)
4(871 872 884 883)
4(883 884 896 895)
4(895 896 908 907)
4(907 908 920 919)
4(919 920 932 931)
4(931 932 944 943)
4(800 801 813 812)
4(812 813 825 824)
4(824 825 837 836)
4(836 837 849 848)
4(848 849 861 860)
4(860 861 873 872)
4(872 873 885 884)
4(884 885 897 896)
4(896 897 909 908)
4(908 909 921 920)
4(920 921 933 932)
4(932 933 945 944)
4(801 802 814 813)
4(813 814 826 825)
4(825 826 838 837)
4(837 838 850 849)
4(849 850 862 861)
4(861 862 874 873)
4(873 874 886 885)
4(885 886 898 897)
4(897 898 910 909)
4(909 910 922 921)
4(921 922 934 933)
4(933 934 946 945)
4(802 803 815 814)
4(814 815 827 826)
4(826 827 839 838)
4(838 839 851 850)
4(850 851 863 862)
4(862 863 875 874)
4(874 875 887 886)
4(886 887 899 898)
4(898 899 911 910)
4(910 911 923 922)
4(922 923 935 934)
4(934 935 947 946)
4(803 804 816 815)
4(815 816 828 827)
4(827 828 840 839)
4(839 840 852 851)
4(851 852 864 863)
4(863 864 876 875)
4(875 876 888 887)
4(887 888 900 899)
4(899 900 912 911)
4(911 912 924 923)
4(923 924 936 935)
4(935 936 948 947)
4(180 481 493 192)
4(192 493 505 204)
4(204 505 517 216)
4(216 517 529 228)
4(228 529 541 240)
4(240 541 553 252)
4(252 553 565 264)
4(264 565 577 276)
4(276 577 589 288)
4(288 589 601 300)
4(300 601 613 312)
4(312 613 625 324)
4(481 482 494 493)
4(493 494 506 505)
4(505 506 518 517)
4(517 518 530 529)
4(529 530 542 541)
4(541 542 554 553)
4(553 554 566 565)
4(565 566 578 577)
4(577 578 590 589)
4(589 590 602 601)
4(601 602 614 613)
4(613 614 626 625)
4(482 483 495 494)
4(494 495 507 506)
4(506 507 519 518)
4(518 519 531 530)
4(530 531 543 542)
4(542 543 555 554)
4(554 555 567 566)
4(566 567 579 578)
4(578 579 591 590)
4(590 591 603 602)
4(602 603 615 614)
4(614 615 627 626)
4(483 484 496 495)
4(495 496 508 507)
4(507 508 520 519)
4(519 520 532 531)
4(531 532 544 543)
4(543 544 556 555)
4(555 556 568 567)
4(567 568 580 579)
4(579 580 592 591)
4(591 592 604 603)
4(603 604 616 615)
4(615 616 628 627)
4(484 485 497 496)
4(496 497 509 508)
4(508 509 521 520)
4(520 521 533 532)
4(532 533 545 544)
4(544 545 557 556)
4(556 557 569 568)
4(568 569 581 580)
4(580 581 593 592)
4(592 593 605 604)
4(604 605 617 616)
4(616 617 629 628)
4(485 486 498 497)
4(497 498 510 509)
4(509 510 522 521)
4(521 522 534 533)
4(533 534 546 545)
4(545 546 558 557)
4(557 558 570 569)
4(569 570 582 581)
4(581 582 594 593)
4(593 594 606 605)
4(605 606 618 617)
4(617 618 630 629)
4(486 487 499 498)
4(498 499 511 510)
4(510 511 523 522)
4(522 523 535 534)
4(534 535 547 546)
4(546 547 559 558)
4(558 559 571 570)
4(570 571 583 582)
4(582 583 595 594)
4(594 595 607 606)
4(606 607 619 618)
4(618 619 631 630)
4(487 488 500 499)
4(499 500 512 511)
4(511 512 524 523)
4(523 524 536 535)
4(535 536 548 547)
4(547 548 560 559)
4(559 560 572 571)
4(571 572 584 583)
4(583 584 596 595)
4(595 596 608 607)
4(607 608 620 619)
4(619 620 632 631)
4(488 489 501 500)
4(500 501 513 512)
4(512 513 525 524)
4(524 525 537 536)
4(536 537 549 548)
4(548 549 561 560)
4(560 561 573 572)
4(572 573 585 584)
4(584 585 597 596)
4(596 597 609 608)
4(608 609 621 620)
4(620 621 633 632)
4(489 490 502 501)
4(501 502 514 513)
4(513 514 526 525)
4(525 526 538 537)
4(537 538 550 549)
4(549 550 562 561)
4(561 562 574 573)
4(573 574 586 585)
4(585 586 598 597)
4(597 598 610 609)
4(609 610 622 621)
4(621 622 634 633)
4(490 491 503 502)
4(502 503 515 514)
4(514 515 527 526)
4(526 527 539 538)
4(538 539 551 550)
4(550 551 563 562)
4(562 563 575 574)
4(574 575 587 586)
4(586 587 599 598)
4(598 599 611 610)
4(610 611 623 622)
4(622 623 635 634)
4(491 492 504 503)
4(503 504 516 515)
4(515 516 528 527)
4(527 528 540 539)
4(539 540 552 551)
4(551 552 564 563)
4(563 564 576 575)
4(575 576 588 587)
4(587 588 600 599)
4(599 600 612 611)
4(611 612 624 623)
4(623 624 636 635)
4(156 1261 1262 157)
4(1261 1273 1274 1262)
4(1273 1285 1286 1274)
4(1285 1297 1298 1286)
4(1297 1309 1310 1298)
4(1309 1321 1322 1310)
4(1321 1333 1334 1322)
4(1333 1345 1346 1334)
4(1345 1357 1358 1346)
4(1357 1369 1370 1358)
4(1369 1381 1382 1370)
4(1381 1393 1394 1382)
4(157 1262 1263 158)
4(1262 1274 1275 1263)
4(1274 1286 1287 1275)
4(1286 1298 1299 1287)
4(1298 1310 1311 1299)
4(1310 1322 1323 1311)
4(1322 1334 1335 1323)
4(1334 1346 1347 1335)
4(1346 1358 1359 1347)
4(1358 1370 1371 1359)
4(1370 1382 1383 1371)
4(1382 1394 1395 1383)
4(158 1263 1264 159)
4(1263 1275 1276 1264)
4(1275 1287 1288 1276)
4(1287 1299 1300 1288)
4(1299 1311 1312 1300)
4(1311 1323 1324 1312)
4(1323 1335 1336 1324)
4(1335 1347 1348 1336)
4(1347 1359 1360 1348)
4(1359 1371 1372 1360)
4(1371 1383 1384 1372)
4(1383 1395 1396 1384)
4(159 1264 1265 160)
4(1264 1276 1277 1265)
4(1276 1288 1289 1277)
4(1288 1300 1301 1289)
4(1300 1312 1313 1301)
4(1312 1324 1325 1313)
4(1324 1336 1337 1325)
4(1336 1348 1349 1337)
4(1348 1360 1361 1349)
4(1360 1372 1373 1361)
4(1372 1384 1385 1373)
4(1384 1396 1397 1385)
4(160 1265 1266 161)
4(1265 1277 1278 1266)
4(1277 1289 1290 1278)
4(1289 1301 1302 1290)
4(1301 1313 1314 1302)
4(1313 1325 1326 1314)
4(1325 1337 1338 1326)
4(1337 1349 1350 1338)
4(1349 1361 1362 1350)
4(1361 1373 1374 1362)
4(1373 1385 1386 1374)
4(1385 1397 1398 1386)
4(161 1266 1267 162)
4(1266 1278 1279 1267)
4(1278 1290 1291 1279)
4(1290 1302 1303 1291)
4(1302 1314 1315 1303)
4(1314 1326 1327 1315)
4(1326 1338 1339 1327)
4(1338 1350 1351 1339)
4(1350 1362 1363 1351)
4(1362 1374 1375 1363)
4(1374 1386 1387 1375)
4(1386 1398 1399 1387)
4(162 1267 1268 163)
4(1267 1279 1280 1268)
4(1279 1291 1292 1280)
4(1291 1303 1304 1292)
4(1303 1315 1316 1304)
4(1315 1327 1328 1316)
4(1327 1339 1340 1328)
4(1339 1351 1352 1340)
4(1351 1363 1364 1352)
4(1363 1375 1376 1364)
4(1375 1387 1388 1376)
4(1387 1399 1400 1388)
4(163 1268 1269 164)
4(1268 1280 1281 1269)
4(1280 1292 1293 1281)
4(1292 1304 1305 1293)
4(1304 1316 1317 1305)
4(1316 1328 1329 1317)
4(1328 1340 1341 1329)
4(1340 1352 1353 1341)
4(1352 1364 1365 1353)
4(1364 1376 1377 1365)
4(1376 1388 1389 1377)
4(1388 1400 1401 1389)
4(164 1269 1270 165)
4(1269 1281 1282 1270)
4(1281 1293 1294 1282)
4(1293 1305 1306 1294)
4(1305 1317 1318 1306)
4(1317 1329 1330 1318)
4(1329 1341 1342 1330)
4(1341 1353 1354 1342)
4(1353 1365 1366 1354)
4(1365 1377 1378 1366)
4(1377 1389 1390 1378)
4(1389 1401 1402 1390)
4(165 1270 1271 166)
4(1270 1282 1283 1271)
4(1282 1294 1295 1283)
4(1294 1306 1307 1295)
4(1306 1318 1319 1307)
4(1318 1330 1331 1319)
4(1330 1342 1343 1331)
4(1342 1354 1355 1343)
4(1354 1366 1367 1355)
4(1366 1378 1379 1367)
4(1378 1390 1391 1379)
4(1390 1402 1403 1391)
4(166 1271 1272 167)
4(1271 1283 1284 1272)
4(1283 1295 1296 1284)
4(1295 1307 1308 1296)
4(1307 1319 1320 1308)
4(1319 1331 1332 1320)
4(1331 1343 1344 1332)
4(1343 1355 1356 1344)
4(1355 1367 1368 1356)
4(1367 1379 1380 1368)
4(1379 1391 1392 1380)
4(1391 1403 1404 1392)
4(167 1272 949 168)
4(1272 1284 962 949)
4(1284 1296 975 962)
4(1296 1308 988 975)
4(1308 1320 1001 988)
4(1320 1332 1014 1001)
4(1332 1344 1027 1014)
4(1344 1356 1040 1027)
4(1356 1368 1053 1040)
4(1368 1380 1066 1053)
4(1380 1392 1079 1066)
4(1392 1404 1092 1079)
4(168 949 950 781)
4(949 962 963 950)
4(962 975 976 963)
4(975 988 989 976)
4(988 1001 1002 989)
4(1001 1014 1015 1002)
4(1014 1027 1028 1015)
4(1027 1040 1041 1028)
4(1040 1053 1054 1041)
4(1053 1066 1067 1054)
4(1066 1079 1080 1067)
4(1079 1092 1093 1080)
4(781 950 951 782)
4(950 963 964 951)
4(963 976 977 964)
4(976 989 990 977)
4(989 1002 1003 990)
4(1002 1015 1016 1003)
4(1015 1028 1029 1016)
4(1028 1041 1042 1029)
4(1041 1054 1055 1042)
4(1054 1067 1068 1055)
4(1067 1080 1081 1068)
4(1080 1093 1094 1081)
4(782 951 952 783)
4(951 964 965 952)
4(964 977 978 965)
4(977 990 991 978)
4(990 1003 1004 991)
4(1003 1016 1017 1004)
4(1016 1029 1030 1017)
4(1029 1042 1043 1030)
4(1042 1055 1056 1043)
4(1055 1068 1069 1056)
4(1068 1081 1082 1069)
4(1081 1094 1095 1082)
4(783 952 953 784)
4(952 965 966 953)
4(965 978 979 966)
4(978 991 992 979)
4(991 1004 1005 992)
4(1004 1017 1018 1005)
4(1017 1030 1031 1018)
4(1030 1043 1044 1031)
4(1043 1056 1057 1044)
4(1056 1069 1070 1057)
4(1069 1082 1083 1070)
4(1082 1095 1096 1083)
4(784 953 954 785)
4(953 966 967 954)
4(966 979 980 967)
4(979 992 993 980)
4(992 1005 1006 993)
4(1005 1018 1019 1006)
4(1018 1031 1032 1019)
4(1031 1044 1045 1032)
4(1044 1057 1058 1045)
4(1057 1070 1071 1058)
4(1070 1083 1084 1071)
4(1083 1096 1097 1084)
4(785 954 955 786)
4(954 967 968 955)
4(967 980 981 968)
4(980 993 994 981)
4(993 1006 1007 994)
4(1006 1019 1020 1007)
4(1019 1032 1033 1020)
4(1032 1045 1046 1033)
4(1045 1058 1059 1046)
4(1058 1071 1072 1059)
4(1071 1084 1085 1072)
4(1084 1097 1098 1085)
4(786 955 956 787)
4(955 968 969 956)
4(968 981 982 969)
4(981 994 995 982)
4(994 1007 1008 995)
4(1007 1020 1021 1008)
4(1020 1033 1034 1021)
4(1033 1046 1047 1034)
4(1046 1059 1060 1047)
4(1059 1072 1073 1060)
4(1072 1085 1086 1073)
4(1085 1098 1099 1086)
4(787 956 957 788)
4(956 969 970 957)
4(969 982 983 970)
4(982 995 996 983)
4(995 1008 1009 996)
4(1008 1021 1022 1009)
4(1021 1034 1035 1022)
4(1034 1047 1048 1035)
4(1047 1060 1061 1048)
4(1060 1073 1074 1061)
4(1073 1086 1087 1074)
4(1086 1099 1100 1087)
4(788 957 958 789)
4(957 970 971 958)
4(970 983 984 971)
4(983 996 997 984)
4(996 1009 1010 997)
4(1009 1022 1023 1010)
4(1022 1035 1036 1023)
4(1035 1048 1049 1036)
4(1048 1061 1062 1049)
4(1061 1074 1075 1062)
4(1074 1087 1088 1075)
4(1087 1100 1101 1088)
4(789 958 959 790)
4(958 971 972 959)
4(971 984 985 972)
4(984 997 998 985)
4(997 1010 1011 998)
4(1010 1023 1024 1011)
4(1023 1036 1037 1024)
4(1036 1049 1050 1037)
4(1049 1062 1063 1050)
4(1062 1075 1076 1063)
4(1075 1088 1089 1076)
4(1088 1101 1102 1089)
4(790 959 960 791)
4(959 972 973 960)
4(972 985 986 973)
4(985 998 999 986)
4(998 1011 1012 999)
4(1011 1024 1025 1012)
4(1024 1037 1038 1025)
4(1037 1050 1051 1038)
4(1050 1063 1064 1051)
4(1063 1076 1077 1064)
4(1076 1089 1090 1077)
4(1089 1102 1103 1090)
4(791 960 961 792)
4(960 973 974 961)
4(973 986 987 974)
4(986 999 1000 987)
4(999 1012 1013 1000)
4(1012 1025 1026 1013)
4(1025 1038 1039 1026)
4(1038 1051 1052 1039)
4(1051 1064 1065 1052)
4(1064 1077 1078 1065)
4(1077 1090 1091 1078)
4(1090 1103 1104 1091)
4(480 479 649 637)
4(479 478 661 649)
4(478 477 673 661)
4(477 476 685 673)
4(476 475 697 685)
4(475 474 709 697)
4(474 473 721 709)
4(473 472 733 721)
4(472 471 745 733)
4(471 470 757 745)
4(470 469 769 757)
4(469 168 781 769)
4(637 649 650 638)
4(649 661 662 650)
4(661 673 674 662)
4(673 685 686 674)
4(685 697 698 686)
4(697 709 710 698)
4(709 721 722 710)
4(721 733 734 722)
4(733 745 746 734)
4(745 757 758 746)
4(757 769 770 758)
4(769 781 782 770)
4(638 650 651 639)
4(650 662 663 651)
4(662 674 675 663)
4(674 686 687 675)
4(686 698 699 687)
4(698 710 711 699)
4(710 722 723 711)
4(722 734 735 723)
4(734 746 747 735)
4(746 758 759 747)
4(758 770 771 759)
4(770 782 783 771)
4(639 651 652 640)
4(651 663 664 652)
4(663 675 676 664)
4(675 687 688 676)
4(687 699 700 688)
4(699 711 712 700)
4(711 723 724 712)
4(723 735 736 724)
4(735 747 748 736)
4(747 759 760 748)
4(759 771 772 760)
4(771 783 784 772)
4(640 652 653 641)
4(652 664 665 653)
4(664 676 677 665)
4(676 688 689 677)
4(688 700 701 689)
4(700 712 713 701)
4(712 724 725 713)
4(724 736 737 725)
4(736 748 749 737)
4(748 760 761 749)
4(760 772 773 761)
4(772 784 785 773)
4(641 653 654 642)
4(653 665 666 654)
4(665 677 678 666)
4(677 689 690 678)
4(689 701 702 690)
4(701 713 714 702)
4(713 725 726 714)
4(725 737 738 726)
4(737 749 750 738)
4(749 761 762 750)
4(761 773 774 762)
4(773 785 786 774)
4(642 654 655 643)
4(654 666 667 655)
4(666 678 679 667)
4(678 690 691 679)
4(690 702 703 691)
4(702 714 715 703)
4(714 726 727 715)
4(726 738 739 727)
4(738 750 751 739)
4(750 762 763 751)
4(762 774 775 763)
4(774 786 787 775)
4(643 655 656 644)
4(655 667 668 656)
4(667 679 680 668)
4(679 691 692 680)
4(691 703 704 692)
4(703 715 716 704)
4(715 727 728 716)
4(727 739 740 728)
4(739 751 752 740)
4(751 763 764 752)
4(763 775 776 764)
4(775 787 788 776)
4(644 656 657 645)
4(656 668 669 657)
4(668 680 681 669)
4(680 692 693 681)
4(692 704 705 693)
4(704 716 717 705)
4(716 728 729 717)
4(728 740 741 729)
4(740 752 753 741)
4(752 764 765 753)
4(764 776 777 765)
4(776 788 789 777)
4(645 657 658 646)
4(657 669 670 658)
4(669 681 682 670)
4(681 693 694 682)
4(693 705 706 694)
4(705 717 718 706)
4(717 729 730 718)
4(729 741 742 730)
4(741 753 754 742)
4(753 765 766 754)
4(765 777 778 766)
4(777 789 790 778)
4(646 658 659 647)
4(658 670 671 659)
4(670 682 683 671)
4(682 694 695 683)
4(694 706 707 695)
4(706 718 719 707)
4(718 730 731 719)
4(730 742 743 731)
4(742 754 755 743)
4(754 766 767 755)
4(766 778 779 767)
4(778 790 791 779)
4(647 659 660 648)
4(659 671 672 660)
4(671 683 684 672)
4(683 695 696 684)
4(695 707 708 696)
4(707 719 720 708)
4(719 731 732 720)
4(731 743 744 732)
4(743 755 756 744)
4(755 767 768 756)
4(767 779 780 768)
4(779 791 792 780)
4(12 25 337 325)
4(25 38 349 337)
4(38 51 361 349)
4(51 64 373 361)
4(64 77 385 373)
4(77 90 397 385)
4(90 103 409 397)
4(103 116 421 409)
4(116 129 433 421)
4(129 142 445 433)
4(142 155 457 445)
4(155 168 469 457)
4(325 337 338 326)
4(337 349 350 338)
4(349 361 362 350)
4(361 373 374 362)
4(373 385 386 374)
4(385 397 398 386)
4(397 409 410 398)
4(409 421 422 410)
4(421 433 434 422)
4(433 445 446 434)
4(445 457 458 446)
4(457 469 470 458)
4(326 338 339 327)
4(338 350 351 339)
4(350 362 363 351)
4(362 374 375 363)
4(374 386 387 375)
4(386 398 399 387)
4(398 410 411 399)
4(410 422 423 411)
4(422 434 435 423)
4(434 446 447 435)
4(446 458 459 447)
4(458 470 471 459)
4(327 339 340 328)
4(339 351 352 340)
4(351 363 364 352)
4(363 375 376 364)
4(375 387 388 376)
4(387 399 400 388)
4(399 411 412 400)
4(411 423 424 412)
4(423 435 436 424)
4(435 447 448 436)
4(447 459 460 448)
4(459 471 472 460)
4(328 340 341 329)
4(340 352 353 341)
4(352 364 365 353)
4(364 376 377 365)
4(376 388 389 377)
4(388 400 401 389)
4(400 412 413 401)
4(412 424 425 413)
4(424 436 437 425)
4(436 448 449 437)
4(448 460 461 449)
4(460 472 473 461)
4(329 341 342 330)
4(341 353 354 342)
4(353 365 366 354)
4(365 377 378 366)
4(377 389 390 378)
4(389 401 402 390)
4(401 413 414 402)
4(413 425 426 414)
4(425 437 438 426)
4(437 449 450 438)
4(449 461 462 450)
4(461 473 474 462)
4(330 342 343 331)
4(342 354 355 343)
4(354 366 367 355)
4(366 378 379 367)
4(378 390 391 379)
4(390 402 403 391)
4(402 414 415 403)
4(414 426 427 415)
4(426 438 439 427)
4(438 450 451 439)
4(450 462 463 451)
4(462 474 475 463)
4(331 343 344 332)
4(343 355 356 344)
4(355 367 368 356)
4(367 379 380 368)
4(379 391 392 380)
4(391 403 404 392)
4(403 415 416 404)
4(415 427 428 416)
4(427 439 440 428)
4(439 451 452 440)
4(451 463 464 452)
4(463 475 476 464)
4(332 344 345 333)
4(344 356 357 345)
4(356 368 369 357)
4(368 380 381 369)
4(380 392 393 381)
4(392 404 405 393)
4(404 416 417 405)
4(416 428 429 417)
4(428 440 441 429)
4(440 452 453 441)
4(452 464 465 453)
4(464 476 477 465)
4(333 345 346 334)
4(345 357 358 346)
4(357 369 370 358)
4(369 381 382 370)
4(381 393 394 382)
4(393 405 406 394)
4(405 417 418 406)
4(417 429 430 418)
4(429 441 442 430)
4(441 453 454 442)
4(453 465 466 454)
4(465 477 478 466)
4(334 346 347 335)
4(346 358 359 347)
4(358 370 371 359)
4(370 382 383 371)
4(382 394 395 383)
4(394 406 407 395)
4(406 418 419 407)
4(418 430 431 419)
4(430 442 443 431)
4(442 454 455 443)
4(454 466 467 455)
4(466 478 479 467)
4(335 347 348 336)
4(347 359 360 348)
4(359 371 372 360)
4(371 383 384 372)
4(383 395 396 384)
4(395 407 408 396)
4(407 419 420 408)
4(419 431 432 420)
4(431 443 444 432)
4(443 455 456 444)
4(455 467 468 456)
4(467 479 480 468)
4(0 13 14 1)
4(13 26 27 14)
4(26 39 40 27)
4(39 52 53 40)
4(52 65 66 53)
4(65 78 79 66)
4(78 91 92 79)
4(91 104 105 92)
4(104 117 118 105)
4(117 130 131 118)
4(130 143 144 131)
4(143 156 157 144)
4(1 14 15 2)
4(14 27 28 15)
4(27 40 41 28)
4(40 53 54 41)
4(53 66 67 54)
4(66 79 80 67)
4(79 92 93 80)
4(92 105 106 93)
4(105 118 119 106)
4(118 131 132 119)
4(131 144 145 132)
4(144 157 158 145)
4(2 15 16 3)
4(15 28 29 16)
4(28 41 42 29)
4(41 54 55 42)
4(54 67 68 55)
4(67 80 81 68)
4(80 93 94 81)
4(93 106 107 94)
4(106 119 120 107)
4(119 132 133 120)
4(132 145 146 133)
4(145 158 159 146)
4(3 16 17 4)
4(16 29 30 17)
4(29 42 43 30)
4(42 55 56 43)
4(55 68 69 56)
4(68 81 82 69)
4(81 94 95 82)
4(94 107 108 95)
4(107 120 121 108)
4(120 133 134 121)
4(133 146 147 134)
4(146 159 160 147)
4(4 17 18 5)
4(17 30 31 18)
4(30 43 44 31)
4(43 56 57 44)
4(56 69 70 57)
4(69 82 83 70)
4(82 95 96 83)
4(95 108 109 96)
4(108 121 122 109)
4(121 134 135 122)
4(134 147 148 135)
4(147 160 161 148)
4(5 18 19 6)
4(18 31 32 19)
4(31 44 45 32)
4(44 57 58 45)
4(57 70 71 58)
4(70 83 84 71)
4(83 96 97 84)
4(96 109 110 97)
4(109 122 123 110)
4(122 135 136 123)
4(135 148 149 136)
4(148 161 162 149)
4(6 19 20 7)
4(19 32 33 20)
4(32 45 46 33)
4(45 58 59 46)
4(58 71 72 59)
4(71 84 85 72)
4(84 97 98 85)
4(97 110 111 98)
4(110 123 124 111)
4(123 136 137 124)
4(136 149 150 137)
4(149 162 163 150)
4(7 20 21 8)
4(20 33 34 21)
4(33 46 47 34)
4(46 59 60 47)
4(59 72 73 60)
4(72 85 86 73)
4(85 98 99 86)
4(98 111 112 99)
4(111 124 125 112)
4(124 137 138 125)
4(137 150 151 138)
4(150 163 164 151)
4(8 21 22 9)
4(21 34 35 22)
4(34 47 48 35)
4(47 60 61 48)
4(60 73 74 61)
4(73 86 87 74)
4(86 99 100 87)
4(99 112 113 100)
4(112 125 126 113)
4(125 138 139 126)
4(138 151 152 139)
4(151 164 165 152)
4(9 22 23 10)
4(22 35 36 23)
4(35 48 49 36)
4(48 61 62 49)
4(61 74 75 62)
4(74 87 88 75)
4(87 100 101 88)
4(100 113 114 101)
4(113 126 127 114)
4(126 139 140 127)
4(139 152 153 140)
4(152 165 166 153)
4(10 23 24 11)
4(23 36 37 24)
4(36 49 50 37)
4(49 62 63 50)
4(62 75 76 63)
4(75 88 89 76)
4(88 101 102 89)
4(101 114 115 102)
4(114 127 128 115)
4(127 140 141 128)
4(140 153 154 141)
4(153 166 167 154)
4(11 24 25 12)
4(24 37 38 25)
4(37 50 51 38)
4(50 63 64 51)
4(63 76 77 64)
4(76 89 90 77)
4(89 102 103 90)
4(102 115 116 103)
4(115 128 129 116)
4(128 141 142 129)
4(141 154 155 142)
4(154 167 168 155)
)


// ************************************************************************* //
