/*--------------------------------*- C++ -*----------------------------------*\
| =========                 |                                                 |
| \\      /  F ield         | foam-extend: Open Source CFD                    |
|  \\    /   O peration     | Version:     4.0                                |
|   \\  /    A nd           | Web:         http://www.foam-extend.org         |
|    \\/     M anipulation  |                                                 |
\*---------------------------------------------------------------------------*/
FoamFile
{
    version     2.0;
    format      ascii;
    class       vectorField;
    location    "constant/polyMesh";
    object      points;
}
// * * * * * * * * * * * * * * * * * * * * * * * * * * * * * * * * * * * * * //


1537
(
(0 0 0)
(0.0002075405621 0 -9.078723204e-06)
(0.0004150811242 0 -1.815744641e-05)
(0.0006226216863 0 -2.723616961e-05)
(0.0008301622484 0 -3.631489282e-05)
(0.001037702811 0 -4.539361602e-05)
(0.001245243373 0 -5.447233922e-05)
(0.001452783935 0 -6.355106243e-05)
(0.001660324497 0 -7.262978563e-05)
(0.001867865059 0 -8.170850884e-05)
(0.002075405621 0 -9.078723204e-05)
(0.002282946183 0 -9.986595524e-05)
(0.002490486745 0 -0.0001089446784)
(0 0.0003830161732 0)
(0.0002086879773 0.0003865068267 -9.128916116e-06)
(0.0004173759546 0.0003899974802 -1.825783223e-05)
(0.000626063932 0.0003934881338 -2.738674835e-05)
(0.0008347519093 0.0003969787873 -3.651566446e-05)
(0.001043439887 0.0004004694408 -4.564458058e-05)
(0.001252127864 0.0004039600944 -5.47734967e-05)
(0.001460815841 0.0004074507479 -6.390241281e-05)
(0.001669503819 0.0004109414014 -7.303132893e-05)
(0.001878191796 0.000414432055 -8.216024504e-05)
(0.002086879773 0.0004179227085 -9.128916116e-05)
(0.00229556775 0.000421413362 -0.0001004180773)
(0.002504255728 0.0004249040156 -0.0001095469934)
(0 0.0007660323464 0)
(0.0002121420228 0.0007728631702 -9.280011027e-06)
(0.0004242840456 0.000779693994 -1.856002205e-05)
(0.0006364260684 0.0007865248177 -2.784003308e-05)
(0.0008485680912 0.0007933556415 -3.712004411e-05)
(0.001060710114 0.0008001864653 -4.640005514e-05)
(0.001272852137 0.0008070172891 -5.568006616e-05)
(0.00148499416 0.0008138481129 -6.496007719e-05)
(0.001697136182 0.0008206789367 -7.424008822e-05)
(0.001909278205 0.0008275097605 -8.352009924e-05)
(0.002121420228 0.0008343405843 -9.280011027e-05)
(0.002333562251 0.0008411714081 -0.0001020801213)
(0.002545704274 0.0008480022319 -0.0001113601323)
(0 0.00114904852 0)
(0.0002178879659 0.001158918643 -9.53136347e-06)
(0.0004357759319 0.001168788766 -1.906272694e-05)
(0.0006536638978 0.00117865889 -2.859409041e-05)
(0.0008715518637 0.001188529013 -3.812545388e-05)
(0.00108943983 0.001198399137 -4.765681735e-05)
(0.001307327796 0.00120826926 -5.718818082e-05)
(0.001525215762 0.001218139384 -6.671954429e-05)
(0.001743103727 0.001228009507 -7.625090776e-05)
(0.001960991693 0.00123787963 -8.578227123e-05)
(0.002178879659 0.001247749754 -9.53136347e-05)
(0.002396767625 0.001257619877 -0.0001048449982)
(0.002614655591 0.001267490001 -0.0001143763616)
(0 0.001532064693 0)
(0.0002259012985 0.001544524141 -9.881901347e-06)
(0.0004518025969 0.00155698359 -1.976380269e-05)
(0.0006777038954 0.001569443038 -2.964570404e-05)
(0.0009036051938 0.001581902486 -3.952760539e-05)
(0.001129506492 0.001594361935 -4.940950673e-05)
(0.001355407791 0.001606821383 -5.929140808e-05)
(0.001581309089 0.001619280832 -6.917330943e-05)
(0.001807210388 0.00163174028 -7.905521077e-05)
(0.002033111686 0.001644199728 -8.893711212e-05)
(0.002259012985 0.001656659177 -9.881901347e-05)
(0.002484914283 0.001669118625 -0.0001087009148)
(0.002710815582 0.001681578074 -0.0001185828162)
(0 0.001915080866 0)
(0.000236147841 0.00192953248 -1.03301295e-05)
(0.0004722956819 0.001943984094 -2.0660259e-05)
(0.0007084435229 0.001958435708 -3.099038851e-05)
(0.0009445913639 0.001972887322 -4.132051801e-05)
(0.001180739205 0.001987338936 -5.165064751e-05)
(0.001416887046 0.00200179055 -6.198077701e-05)
(0.001653034887 0.002016242164 -7.231090651e-05)
(0.001889182728 0.002030693778 -8.264103601e-05)
(0.002125330569 0.002045145392 -9.297116552e-05)
(0.00236147841 0.002059597005 -0.000103301295)
(0.002597626251 0.002074048619 -0.0001136314245)
(0.002833774092 0.002088500233 -0.000123961554)
(0 0.002298097039 0)
(0.0002485838887 0.002313799021 -1.08741361e-05)
(0.0004971677774 0.002329501004 -2.17482722e-05)
(0.0007457516661 0.002345202986 -3.26224083e-05)
(0.0009943355548 0.002360904969 -4.34965444e-05)
(0.001242919443 0.002376606951 -5.43706805e-05)
(0.001491503332 0.002392308933 -6.52448166e-05)
(0.001740087221 0.002408010916 -7.61189527e-05)
(0.00198867111 0.002423712898 -8.69930888e-05)
(0.002237254998 0.002439414881 -9.78672249e-05)
(0.002485838887 0.002455116863 -0.000108741361)
(0.002734422776 0.002470818845 -0.0001196154971)
(0.002983006664 0.002486520828 -0.0001304896332)
(0 0.002681113212 0)
(0.000263156398 0.002697182292 -1.151160078e-05)
(0.0005263127959 0.002713251372 -2.302320156e-05)
(0.0007894691939 0.002729320452 -3.453480234e-05)
(0.001052625592 0.002745389532 -4.604640312e-05)
(0.00131578199 0.002761458612 -5.75580039e-05)
(0.001578938388 0.002777527692 -6.906960468e-05)
(0.001842094786 0.002793596772 -8.058120546e-05)
(0.002105251184 0.002809665852 -9.209280623e-05)
(0.002368407582 0.002825734932 -0.000103604407)
(0.00263156398 0.002841804012 -0.0001151160078)
(0.002894720378 0.002857873092 -0.0001266276086)
(0.003157876775 0.002873942172 -0.0001381392094)
(0 0.003064129385 0)
(0.0002798032124 0.003079544586 -1.223980455e-05)
(0.0005596064247 0.003094959787 -2.44796091e-05)
(0.0008394096371 0.003110374987 -3.671941366e-05)
(0.001119212849 0.003125790188 -4.895921821e-05)
(0.001399016062 0.003141205388 -6.119902276e-05)
(0.001678819274 0.003156620589 -7.343882731e-05)
(0.001958622487 0.00317203579 -8.567863186e-05)
(0.002238425699 0.00318745099 -9.791843641e-05)
(0.002518228911 0.003202866191 -0.000110158241)
(0.002798032124 0.003218281391 -0.0001223980455)
(0.003077835336 0.003233696592 -0.0001346378501)
(0.003357638548 0.003249111792 -0.0001468776546)
(0 0.003447145559 0)
(0.000298453328 0.003460752551 -1.30556414e-05)
(0.000596906656 0.003474359544 -2.611128279e-05)
(0.0008953599839 0.003487966536 -3.916692419e-05)
(0.001193813312 0.003501573529 -5.222256559e-05)
(0.00149226664 0.003515180522 -6.527820698e-05)
(0.001790719968 0.003528787514 -7.833384838e-05)
(0.002089173296 0.003542394507 -9.138948978e-05)
(0.002387626624 0.0035560015 -0.0001044451312)
(0.002686079952 0.003569608492 -0.0001175007726)
(0.00298453328 0.003583215485 -0.000130556414)
(0.003282986608 0.003596822477 -0.0001436120554)
(0.003581439936 0.00361042947 -0.0001566676968)
(0 0.003830161732 0)
(0.0003190271961 0.00384067776 -1.395563151e-05)
(0.0006380543922 0.003851193788 -2.791126302e-05)
(0.0009570815884 0.003861709817 -4.186689453e-05)
(0.001276108784 0.003872225845 -5.582252604e-05)
(0.001595135981 0.003882741873 -6.977815755e-05)
(0.001914163177 0.003893257901 -8.373378906e-05)
(0.002233190373 0.00390377393 -9.768942057e-05)
(0.002552217569 0.003914289958 -0.0001116450521)
(0.002871244765 0.003924805986 -0.0001256006836)
(0.003190271961 0.003935322014 -0.0001395563151)
(0.003509299157 0.003945838043 -0.0001535119466)
(0.003828326353 0.003956354071 -0.0001674675781)
(0 0.004213177905 0)
(0.0003414370627 0.004219197256 -1.493593615e-05)
(0.0006828741254 0.004225216607 -2.98718723e-05)
(0.001024311188 0.004231235958 -4.480780845e-05)
(0.001365748251 0.004237255309 -5.97437446e-05)
(0.001707185314 0.00424327466 -7.467968075e-05)
(0.002048622376 0.004249294011 -8.96156169e-05)
(0.002390059439 0.004255313362 -0.000104551553)
(0.002731496502 0.004261332713 -0.0001194874892)
(0.003072933564 0.004267352064 -0.0001344234253)
(0.003414370627 0.004273371414 -0.0001493593615)
(0.00375580769 0.004279390765 -0.0001642952976)
(0.004097244753 0.004285410116 -0.0001792312338)
(0 0.004596194078 0)
(0.0003655873426 0.004596194078 -1.5992374e-05)
(0.0007311746851 0.004596194078 -3.198474801e-05)
(0.001096762028 0.004596194078 -4.797712201e-05)
(0.00146234937 0.004596194078 -6.396949601e-05)
(0.001827936713 0.004596194078 -7.996187002e-05)
(0.002193524055 0.004596194078 -9.595424402e-05)
(0.002559111398 0.004596194078 -0.000111946618)
(0.00292469874 0.004596194078 -0.000127938992)
(0.003290286083 0.004596194078 -0.000143931366)
(0.003655873426 0.004596194078 -0.00015992374)
(0.004021460768 0.004596194078 -0.000175916114)
(0.004387048111 0.004596194078 -0.000191908488)
(0.0002075405621 0 9.078723204e-06)
(0.0004150811242 0 1.815744641e-05)
(0.0006226216863 0 2.723616961e-05)
(0.0008301622484 0 3.631489282e-05)
(0.001037702811 0 4.539361602e-05)
(0.001245243373 0 5.447233922e-05)
(0.001452783935 0 6.355106243e-05)
(0.001660324497 0 7.262978563e-05)
(0.001867865059 0 8.170850884e-05)
(0.002075405621 0 9.078723204e-05)
(0.002282946183 0 9.986595524e-05)
(0.002490486745 0 0.0001089446784)
(0.0002086879773 0.0003865068267 9.128916116e-06)
(0.0004173759546 0.0003899974802 1.825783223e-05)
(0.000626063932 0.0003934881338 2.738674835e-05)
(0.0008347519093 0.0003969787873 3.651566446e-05)
(0.001043439887 0.0004004694408 4.564458058e-05)
(0.001252127864 0.0004039600944 5.47734967e-05)
(0.001460815841 0.0004074507479 6.390241281e-05)
(0.001669503819 0.0004109414014 7.303132893e-05)
(0.001878191796 0.000414432055 8.216024504e-05)
(0.002086879773 0.0004179227085 9.128916116e-05)
(0.00229556775 0.000421413362 0.0001004180773)
(0.002504255728 0.0004249040156 0.0001095469934)
(0.0002121420228 0.0007728631702 9.280011027e-06)
(0.0004242840456 0.000779693994 1.856002205e-05)
(0.0006364260684 0.0007865248177 2.784003308e-05)
(0.0008485680912 0.0007933556415 3.712004411e-05)
(0.001060710114 0.0008001864653 4.640005514e-05)
(0.001272852137 0.0008070172891 5.568006616e-05)
(0.00148499416 0.0008138481129 6.496007719e-05)
(0.001697136182 0.0008206789367 7.424008822e-05)
(0.001909278205 0.0008275097605 8.352009924e-05)
(0.002121420228 0.0008343405843 9.280011027e-05)
(0.002333562251 0.0008411714081 0.0001020801213)
(0.002545704274 0.0008480022319 0.0001113601323)
(0.0002178879659 0.001158918643 9.53136347e-06)
(0.0004357759319 0.001168788766 1.906272694e-05)
(0.0006536638978 0.00117865889 2.859409041e-05)
(0.0008715518637 0.001188529013 3.812545388e-05)
(0.00108943983 0.001198399137 4.765681735e-05)
(0.001307327796 0.00120826926 5.718818082e-05)
(0.001525215762 0.001218139384 6.671954429e-05)
(0.001743103727 0.001228009507 7.625090776e-05)
(0.001960991693 0.00123787963 8.578227123e-05)
(0.002178879659 0.001247749754 9.53136347e-05)
(0.002396767625 0.001257619877 0.0001048449982)
(0.002614655591 0.001267490001 0.0001143763616)
(0.0002259012985 0.001544524141 9.881901347e-06)
(0.0004518025969 0.00155698359 1.976380269e-05)
(0.0006777038954 0.001569443038 2.964570404e-05)
(0.0009036051938 0.001581902486 3.952760539e-05)
(0.001129506492 0.001594361935 4.940950673e-05)
(0.001355407791 0.001606821383 5.929140808e-05)
(0.001581309089 0.001619280832 6.917330943e-05)
(0.001807210388 0.00163174028 7.905521077e-05)
(0.002033111686 0.001644199728 8.893711212e-05)
(0.002259012985 0.001656659177 9.881901347e-05)
(0.002484914283 0.001669118625 0.0001087009148)
(0.002710815582 0.001681578074 0.0001185828162)
(0.000236147841 0.00192953248 1.03301295e-05)
(0.0004722956819 0.001943984094 2.0660259e-05)
(0.0007084435229 0.001958435708 3.099038851e-05)
(0.0009445913639 0.001972887322 4.132051801e-05)
(0.001180739205 0.001987338936 5.165064751e-05)
(0.001416887046 0.00200179055 6.198077701e-05)
(0.001653034887 0.002016242164 7.231090651e-05)
(0.001889182728 0.002030693778 8.264103601e-05)
(0.002125330569 0.002045145392 9.297116552e-05)
(0.00236147841 0.002059597005 0.000103301295)
(0.002597626251 0.002074048619 0.0001136314245)
(0.002833774092 0.002088500233 0.000123961554)
(0.0002485838887 0.002313799021 1.08741361e-05)
(0.0004971677774 0.002329501004 2.17482722e-05)
(0.0007457516661 0.002345202986 3.26224083e-05)
(0.0009943355548 0.002360904969 4.34965444e-05)
(0.001242919443 0.002376606951 5.43706805e-05)
(0.001491503332 0.002392308933 6.52448166e-05)
(0.001740087221 0.002408010916 7.61189527e-05)
(0.00198867111 0.002423712898 8.69930888e-05)
(0.002237254998 0.002439414881 9.78672249e-05)
(0.002485838887 0.002455116863 0.000108741361)
(0.002734422776 0.002470818845 0.0001196154971)
(0.002983006664 0.002486520828 0.0001304896332)
(0.000263156398 0.002697182292 1.151160078e-05)
(0.0005263127959 0.002713251372 2.302320156e-05)
(0.0007894691939 0.002729320452 3.453480234e-05)
(0.001052625592 0.002745389532 4.604640312e-05)
(0.00131578199 0.002761458612 5.75580039e-05)
(0.001578938388 0.002777527692 6.906960468e-05)
(0.001842094786 0.002793596772 8.058120546e-05)
(0.002105251184 0.002809665852 9.209280623e-05)
(0.002368407582 0.002825734932 0.000103604407)
(0.00263156398 0.002841804012 0.0001151160078)
(0.002894720378 0.002857873092 0.0001266276086)
(0.003157876775 0.002873942172 0.0001381392094)
(0.0002798032124 0.003079544586 1.223980455e-05)
(0.0005596064247 0.003094959787 2.44796091e-05)
(0.0008394096371 0.003110374987 3.671941366e-05)
(0.001119212849 0.003125790188 4.895921821e-05)
(0.001399016062 0.003141205388 6.119902276e-05)
(0.001678819274 0.003156620589 7.343882731e-05)
(0.001958622487 0.00317203579 8.567863186e-05)
(0.002238425699 0.00318745099 9.791843641e-05)
(0.002518228911 0.003202866191 0.000110158241)
(0.002798032124 0.003218281391 0.0001223980455)
(0.003077835336 0.003233696592 0.0001346378501)
(0.003357638548 0.003249111792 0.0001468776546)
(0.000298453328 0.003460752551 1.30556414e-05)
(0.000596906656 0.003474359544 2.611128279e-05)
(0.0008953599839 0.003487966536 3.916692419e-05)
(0.001193813312 0.003501573529 5.222256559e-05)
(0.00149226664 0.003515180522 6.527820698e-05)
(0.001790719968 0.003528787514 7.833384838e-05)
(0.002089173296 0.003542394507 9.138948978e-05)
(0.002387626624 0.0035560015 0.0001044451312)
(0.002686079952 0.003569608492 0.0001175007726)
(0.00298453328 0.003583215485 0.000130556414)
(0.003282986608 0.003596822477 0.0001436120554)
(0.003581439936 0.00361042947 0.0001566676968)
(0.0003190271961 0.00384067776 1.395563151e-05)
(0.0006380543922 0.003851193788 2.791126302e-05)
(0.0009570815884 0.003861709817 4.186689453e-05)
(0.001276108784 0.003872225845 5.582252604e-05)
(0.001595135981 0.003882741873 6.977815755e-05)
(0.001914163177 0.003893257901 8.373378906e-05)
(0.002233190373 0.00390377393 9.768942057e-05)
(0.002552217569 0.003914289958 0.0001116450521)
(0.002871244765 0.003924805986 0.0001256006836)
(0.003190271961 0.003935322014 0.0001395563151)
(0.003509299157 0.003945838043 0.0001535119466)
(0.003828326353 0.003956354071 0.0001674675781)
(0.0003414370627 0.004219197256 1.493593615e-05)
(0.0006828741254 0.004225216607 2.98718723e-05)
(0.001024311188 0.004231235958 4.480780845e-05)
(0.001365748251 0.004237255309 5.97437446e-05)
(0.001707185314 0.00424327466 7.467968075e-05)
(0.002048622376 0.004249294011 8.96156169e-05)
(0.002390059439 0.004255313362 0.000104551553)
(0.002731496502 0.004261332713 0.0001194874892)
(0.003072933564 0.004267352064 0.0001344234253)
(0.003414370627 0.004273371414 0.0001493593615)
(0.00375580769 0.004279390765 0.0001642952976)
(0.004097244753 0.004285410116 0.0001792312338)
(0.0003655873426 0.004596194078 1.5992374e-05)
(0.0007311746851 0.004596194078 3.198474801e-05)
(0.001096762028 0.004596194078 4.797712201e-05)
(0.00146234937 0.004596194078 6.396949601e-05)
(0.001827936713 0.004596194078 7.996187002e-05)
(0.002193524055 0.004596194078 9.595424402e-05)
(0.002559111398 0.004596194078 0.000111946618)
(0.00292469874 0.004596194078 0.000127938992)
(0.003290286083 0.004596194078 0.000143931366)
(0.003655873426 0.004596194078 0.00015992374)
(0.004021460768 0.004596194078 0.000175916114)
(0.004387048111 0.004596194078 0.000191908488)
(0.002698027307 0 -0.0001180234017)
(0.002905567869 0 -0.0001271021249)
(0.003113108432 0 -0.0001361808481)
(0.003320648994 0 -0.0001452595713)
(0.003528189556 0 -0.0001543382945)
(0.003735730118 0 -0.0001634170177)
(0.00394327068 0 -0.0001724957409)
(0.004150811242 0 -0.0001815744641)
(0.004358351804 0 -0.0001906531873)
(0.004565892366 0 -0.0001997319105)
(0.004773432928 0 -0.0002088106337)
(0.00498097349 0 -0.0002178893569)
(0.002711354976 0.0004112852971 -0.0001186064116)
(0.002918454225 0.0003976665787 -0.0001276658299)
(0.003125553473 0.0003840478602 -0.0001367252481)
(0.003332652722 0.0003704291418 -0.0001457846663)
(0.003539751971 0.0003568104233 -0.0001548440846)
(0.003746851219 0.0003431917049 -0.0001639035028)
(0.003953950468 0.0003295729864 -0.0001729629211)
(0.004161049716 0.000315954268 -0.0001820223393)
(0.004368148965 0.0003023355495 -0.0001910817575)
(0.004575248213 0.0002887168311 -0.0002001411758)
(0.004782347462 0.0002750981126 -0.000209200594)
(0.004989446711 0.0002614793942 -0.0002182600122)
(0.002751475043 0.0008208226732 -0.0001203614371)
(0.002957245813 0.0007936431145 -0.0001293627419)
(0.003163016582 0.0007664635558 -0.0001383640468)
(0.003368787352 0.000739283997 -0.0001473653516)
(0.003574558121 0.0007121044383 -0.0001563666564)
(0.003780328891 0.0006849248796 -0.0001653679612)
(0.00398609966 0.0006577453209 -0.000174369266)
(0.00419187043 0.0006305657622 -0.0001833705708)
(0.004397641199 0.0006033862035 -0.0001923718756)
(0.004603411969 0.0005762066448 -0.0002013731804)
(0.004809182738 0.000549027086 -0.0002103744852)
(0.005014953508 0.0005218475273 -0.0002193757901)
(0.002818216383 0.001226865321 -0.0001232809924)
(0.003021777174 0.001186240642 -0.0001321856232)
(0.003225337965 0.001145615962 -0.000141090254)
(0.003428898757 0.001104991283 -0.0001499948848)
(0.003632459548 0.001064366603 -0.0001588995156)
(0.00383602034 0.001023741924 -0.0001678041464)
(0.004039581131 0.0009831172442 -0.0001767087772)
(0.004243141922 0.0009424925647 -0.000185613408)
(0.004446702714 0.0009018678852 -0.0001945180388)
(0.004650263505 0.0008612432057 -0.0002034226696)
(0.004853824297 0.0008206185262 -0.0002123273004)
(0.005057385088 0.0007799938466 -0.0002212319312)
(0.002911294322 0.001627681341 -0.0001273526247)
(0.003111773062 0.001573784607 -0.0001361224332)
(0.003312251803 0.001519887874 -0.0001448922418)
(0.003512730543 0.001465991141 -0.0001536620503)
(0.003713209284 0.001412094408 -0.0001624318588)
(0.003913688024 0.001358197675 -0.0001712016674)
(0.004114166764 0.001304300942 -0.0001799714759)
(0.004314645505 0.001250404209 -0.0001887412844)
(0.004515124245 0.001196507476 -0.000197511093)
(0.004715602986 0.001142610742 -0.0002062809015)
(0.004916081726 0.001088714009 -0.00021505071)
(0.005116560467 0.001034817276 -0.0002238205186)
(0.003030311854 0.002021561123 -0.0001325589671)
(0.003226849617 0.001954622013 -0.0001411563802)
(0.003423387379 0.001887682903 -0.0001497537933)
(0.003619925142 0.001820743793 -0.0001583512064)
(0.003816462904 0.001753804683 -0.0001669486195)
(0.004013000667 0.001686865573 -0.0001755460326)
(0.004209538429 0.001619926463 -0.0001841434456)
(0.004406076192 0.001552987353 -0.0001927408587)
(0.004602613954 0.001486048243 -0.0002013382718)
(0.004799151717 0.001419109133 -0.0002099356849)
(0.00499568948 0.001352170023 -0.000218533098)
(0.005192227242 0.001285230913 -0.0002271305111)
(0.003174761332 0.002406824647 -0.000138877813)
(0.003366515999 0.002327128467 -0.0001472659928)
(0.003558270666 0.002247432287 -0.0001556541725)
(0.003750025333 0.002167736106 -0.0001640423523)
(0.003941780001 0.002088039926 -0.0001724305321)
(0.004133534668 0.002008343745 -0.0001808187119)
(0.004325289335 0.001928647565 -0.0001892068917)
(0.004517044002 0.001848951385 -0.0001975950715)
(0.00470879867 0.001769255204 -0.0002059832512)
(0.004900553337 0.001689559024 -0.000214371431)
(0.005092308004 0.001609862844 -0.0002227596108)
(0.005284062671 0.001530166663 -0.0002311477906)
(0.003344026631 0.002781828641 -0.0001462822104)
(0.003530176487 0.00268971511 -0.0001544252115)
(0.003716326343 0.002597601579 -0.0001625682125)
(0.0039024762 0.002505488048 -0.0001707112136)
(0.004088626056 0.002413374517 -0.0001788542147)
(0.004274775912 0.002321260985 -0.0001869972157)
(0.004460925768 0.002229147454 -0.0001951402168)
(0.004647075624 0.002137033923 -0.0002032832178)
(0.00483322548 0.002044920392 -0.0002114262189)
(0.005019375336 0.001952806861 -0.0002195692199)
(0.005205525192 0.00186069333 -0.000227712221)
(0.005391675048 0.001768579798 -0.0002358552221)
(0.003537385783 0.003144973594 -0.0001547405773)
(0.003717133019 0.003040835395 -0.0001626035)
(0.003896880254 0.002936697197 -0.0001704664227)
(0.004076627489 0.002832558998 -0.0001783293454)
(0.004256374724 0.0027284208 -0.000186192268)
(0.004436121959 0.002624282602 -0.0001940551907)
(0.004615869194 0.002520144403 -0.0002019181134)
(0.004795616429 0.002416006205 -0.0002097810361)
(0.004975363664 0.002311868006 -0.0002176439588)
(0.005155110899 0.002207729808 -0.0002255068815)
(0.005334858134 0.002103591609 -0.0002333698042)
(0.005514605369 0.001999453411 -0.0002412327268)
(0.003754014049 0.003494710577 -0.000164216836)
(0.003926588163 0.003378991684 -0.0001717659753)
(0.004099162277 0.00326327279 -0.0001793151146)
(0.00427173639 0.003147553897 -0.0001868642539)
(0.004444310504 0.003031835004 -0.0001944133932)
(0.004616884618 0.00291611611 -0.0002019625325)
(0.004789458732 0.002800397217 -0.0002095116717)
(0.004962032845 0.002684678324 -0.000217060811)
(0.005134606959 0.002568959431 -0.0002246099503)
(0.005307181073 0.002453240537 -0.0002321590896)
(0.005479755186 0.002337521644 -0.0002397082289)
(0.0056523293 0.002221802751 -0.0002472573682)
(0.003992987441 0.003829547851 -0.0001746705674)
(0.004157648528 0.00370274163 -0.0001818735566)
(0.004322309616 0.00357593541 -0.0001890765458)
(0.004486970703 0.00344912919 -0.0001962795351)
(0.004651631791 0.00332232297 -0.0002034825243)
(0.004816292878 0.00319551675 -0.0002106855136)
(0.004980953966 0.003068710529 -0.0002178885028)
(0.005145615053 0.002941904309 -0.000225091492)
(0.005310276141 0.002815098089 -0.0002322944813)
(0.005474937228 0.002688291869 -0.0002394974705)
(0.005639598316 0.002561485648 -0.0002467004598)
(0.005804259403 0.002434679428 -0.000253903449)
(0.004253286661 0.004148057228 -0.0001860571828)
(0.004409328569 0.00401070434 -0.0001928831318)
(0.004565370477 0.003873351451 -0.0001997090808)
(0.004721412385 0.003735998563 -0.0002065350298)
(0.004877454293 0.003598645675 -0.0002133609788)
(0.005033496201 0.003461292786 -0.0002201869278)
(0.005189538109 0.003323939898 -0.0002270128768)
(0.005345580017 0.00318658701 -0.0002338388257)
(0.005501621925 0.003049234121 -0.0002406647747)
(0.005657663833 0.002911881233 -0.0002474907237)
(0.005813705741 0.002774528345 -0.0002543166727)
(0.005969747649 0.002637175456 -0.0002611426217)
(0.00453380145 0.004448880165 -0.0001983281148)
(0.004680554788 0.004301566253 -0.0002047477415)
(0.004827308127 0.00415425234 -0.0002111673683)
(0.004974061466 0.004006938427 -0.000217586995)
(0.005120814805 0.003859624514 -0.0002240066218)
(0.005267568144 0.003712310602 -0.0002304262485)
(0.005414321483 0.003564996689 -0.0002368458752)
(0.005561074822 0.003417682776 -0.000243265502)
(0.00570782816 0.003270368863 -0.0002496851287)
(0.005854581499 0.003123054951 -0.0002561047555)
(0.006001334838 0.002975741038 -0.0002625243822)
(0.006148088177 0.002828427125 -0.000268944009)
(0.002698027307 0 0.0001180234017)
(0.002905567869 0 0.0001271021249)
(0.003113108432 0 0.0001361808481)
(0.003320648994 0 0.0001452595713)
(0.003528189556 0 0.0001543382945)
(0.003735730118 0 0.0001634170177)
(0.00394327068 0 0.0001724957409)
(0.004150811242 0 0.0001815744641)
(0.004358351804 0 0.0001906531873)
(0.004565892366 0 0.0001997319105)
(0.004773432928 0 0.0002088106337)
(0.00498097349 0 0.0002178893569)
(0.002711354976 0.0004112852971 0.0001186064116)
(0.002918454225 0.0003976665787 0.0001276658299)
(0.003125553473 0.0003840478602 0.0001367252481)
(0.003332652722 0.0003704291418 0.0001457846663)
(0.003539751971 0.0003568104233 0.0001548440846)
(0.003746851219 0.0003431917049 0.0001639035028)
(0.003953950468 0.0003295729864 0.0001729629211)
(0.004161049716 0.000315954268 0.0001820223393)
(0.004368148965 0.0003023355495 0.0001910817575)
(0.004575248213 0.0002887168311 0.0002001411758)
(0.004782347462 0.0002750981126 0.000209200594)
(0.004989446711 0.0002614793942 0.0002182600122)
(0.002751475043 0.0008208226732 0.0001203614371)
(0.002957245813 0.0007936431145 0.0001293627419)
(0.003163016582 0.0007664635558 0.0001383640468)
(0.003368787352 0.000739283997 0.0001473653516)
(0.003574558121 0.0007121044383 0.0001563666564)
(0.003780328891 0.0006849248796 0.0001653679612)
(0.00398609966 0.0006577453209 0.000174369266)
(0.00419187043 0.0006305657622 0.0001833705708)
(0.004397641199 0.0006033862035 0.0001923718756)
(0.004603411969 0.0005762066448 0.0002013731804)
(0.004809182738 0.000549027086 0.0002103744852)
(0.005014953508 0.0005218475273 0.0002193757901)
(0.002818216383 0.001226865321 0.0001232809924)
(0.003021777174 0.001186240642 0.0001321856232)
(0.003225337965 0.001145615962 0.000141090254)
(0.003428898757 0.001104991283 0.0001499948848)
(0.003632459548 0.001064366603 0.0001588995156)
(0.00383602034 0.001023741924 0.0001678041464)
(0.004039581131 0.0009831172442 0.0001767087772)
(0.004243141922 0.0009424925647 0.000185613408)
(0.004446702714 0.0009018678852 0.0001945180388)
(0.004650263505 0.0008612432057 0.0002034226696)
(0.004853824297 0.0008206185262 0.0002123273004)
(0.005057385088 0.0007799938466 0.0002212319312)
(0.002911294322 0.001627681341 0.0001273526247)
(0.003111773062 0.001573784607 0.0001361224332)
(0.003312251803 0.001519887874 0.0001448922418)
(0.003512730543 0.001465991141 0.0001536620503)
(0.003713209284 0.001412094408 0.0001624318588)
(0.003913688024 0.001358197675 0.0001712016674)
(0.004114166764 0.001304300942 0.0001799714759)
(0.004314645505 0.001250404209 0.0001887412844)
(0.004515124245 0.001196507476 0.000197511093)
(0.004715602986 0.001142610742 0.0002062809015)
(0.004916081726 0.001088714009 0.00021505071)
(0.005116560467 0.001034817276 0.0002238205186)
(0.003030311854 0.002021561123 0.0001325589671)
(0.003226849617 0.001954622013 0.0001411563802)
(0.003423387379 0.001887682903 0.0001497537933)
(0.003619925142 0.001820743793 0.0001583512064)
(0.003816462904 0.001753804683 0.0001669486195)
(0.004013000667 0.001686865573 0.0001755460326)
(0.004209538429 0.001619926463 0.0001841434456)
(0.004406076192 0.001552987353 0.0001927408587)
(0.004602613954 0.001486048243 0.0002013382718)
(0.004799151717 0.001419109133 0.0002099356849)
(0.00499568948 0.001352170023 0.000218533098)
(0.005192227242 0.001285230913 0.0002271305111)
(0.003174761332 0.002406824647 0.000138877813)
(0.003366515999 0.002327128467 0.0001472659928)
(0.003558270666 0.002247432287 0.0001556541725)
(0.003750025333 0.002167736106 0.0001640423523)
(0.003941780001 0.002088039926 0.0001724305321)
(0.004133534668 0.002008343745 0.0001808187119)
(0.004325289335 0.001928647565 0.0001892068917)
(0.004517044002 0.001848951385 0.0001975950715)
(0.00470879867 0.001769255204 0.0002059832512)
(0.004900553337 0.001689559024 0.000214371431)
(0.005092308004 0.001609862844 0.0002227596108)
(0.005284062671 0.001530166663 0.0002311477906)
(0.003344026631 0.002781828641 0.0001462822104)
(0.003530176487 0.00268971511 0.0001544252115)
(0.003716326343 0.002597601579 0.0001625682125)
(0.0039024762 0.002505488048 0.0001707112136)
(0.004088626056 0.002413374517 0.0001788542147)
(0.004274775912 0.002321260985 0.0001869972157)
(0.004460925768 0.002229147454 0.0001951402168)
(0.004647075624 0.002137033923 0.0002032832178)
(0.00483322548 0.002044920392 0.0002114262189)
(0.005019375336 0.001952806861 0.0002195692199)
(0.005205525192 0.00186069333 0.000227712221)
(0.005391675048 0.001768579798 0.0002358552221)
(0.003537385783 0.003144973594 0.0001547405773)
(0.003717133019 0.003040835395 0.0001626035)
(0.003896880254 0.002936697197 0.0001704664227)
(0.004076627489 0.002832558998 0.0001783293454)
(0.004256374724 0.0027284208 0.000186192268)
(0.004436121959 0.002624282602 0.0001940551907)
(0.004615869194 0.002520144403 0.0002019181134)
(0.004795616429 0.002416006205 0.0002097810361)
(0.004975363664 0.002311868006 0.0002176439588)
(0.005155110899 0.002207729808 0.0002255068815)
(0.005334858134 0.002103591609 0.0002333698042)
(0.005514605369 0.001999453411 0.0002412327268)
(0.003754014049 0.003494710577 0.000164216836)
(0.003926588163 0.003378991684 0.0001717659753)
(0.004099162277 0.00326327279 0.0001793151146)
(0.00427173639 0.003147553897 0.0001868642539)
(0.004444310504 0.003031835004 0.0001944133932)
(0.004616884618 0.00291611611 0.0002019625325)
(0.004789458732 0.002800397217 0.0002095116717)
(0.004962032845 0.002684678324 0.000217060811)
(0.005134606959 0.002568959431 0.0002246099503)
(0.005307181073 0.002453240537 0.0002321590896)
(0.005479755186 0.002337521644 0.0002397082289)
(0.0056523293 0.002221802751 0.0002472573682)
(0.003992987441 0.003829547851 0.0001746705674)
(0.004157648528 0.00370274163 0.0001818735566)
(0.004322309616 0.00357593541 0.0001890765458)
(0.004486970703 0.00344912919 0.0001962795351)
(0.004651631791 0.00332232297 0.0002034825243)
(0.004816292878 0.00319551675 0.0002106855136)
(0.004980953966 0.003068710529 0.0002178885028)
(0.005145615053 0.002941904309 0.000225091492)
(0.005310276141 0.002815098089 0.0002322944813)
(0.005474937228 0.002688291869 0.0002394974705)
(0.005639598316 0.002561485648 0.0002467004598)
(0.005804259403 0.002434679428 0.000253903449)
(0.004253286661 0.004148057228 0.0001860571828)
(0.004409328569 0.00401070434 0.0001928831318)
(0.004565370477 0.003873351451 0.0001997090808)
(0.004721412385 0.003735998563 0.0002065350298)
(0.004877454293 0.003598645675 0.0002133609788)
(0.005033496201 0.003461292786 0.0002201869278)
(0.005189538109 0.003323939898 0.0002270128768)
(0.005345580017 0.00318658701 0.0002338388257)
(0.005501621925 0.003049234121 0.0002406647747)
(0.005657663833 0.002911881233 0.0002474907237)
(0.005813705741 0.002774528345 0.0002543166727)
(0.005969747649 0.002637175456 0.0002611426217)
(0.00453380145 0.004448880165 0.0001983281148)
(0.004680554788 0.004301566253 0.0002047477415)
(0.004827308127 0.00415425234 0.0002111673683)
(0.004974061466 0.004006938427 0.000217586995)
(0.005120814805 0.003859624514 0.0002240066218)
(0.005267568144 0.003712310602 0.0002304262485)
(0.005414321483 0.003564996689 0.0002368458752)
(0.005561074822 0.003417682776 0.000243265502)
(0.00570782816 0.003270368863 0.0002496851287)
(0.005854581499 0.003123054951 0.0002561047555)
(0.006001334838 0.002975741038 0.0002625243822)
(0.006148088177 0.002828427125 0.000268944009)
(0.006338197282 0.003007269281 -0.0002772602047)
(0.006539606377 0.003173256929 -0.000286070711)
(0.0067514496 0.003325676484 -0.0002953376512)
(0.00697281623 0.003463872691 -0.0003050211865)
(0.007202754609 0.003587251442 -0.0003150796873)
(0.007440276226 0.003695282329 -0.0003254699117)
(0.00768435997 0.003787500924 -0.000336147192)
(0.00793395652 0.003863510778 -0.0003470656262)
(0.008187992854 0.003922985122 -0.0003581782759)
(0.008445376865 0.003965668275 -0.0003694373675)
(0.008705002053 0.003991376742 -0.0003807944978)
(0.008965752283 0.004 -0.0003922008424)
(0.006201345459 0.003163897889 -0.0002712737132)
(0.006413244611 0.003338530727 -0.0002805431)
(0.006636121335 0.003498888801 -0.0002902926933)
(0.006869017477 0.003644282727 -0.0003004805795)
(0.007110931814 0.003774087455 -0.0003110629604)
(0.007360824348 0.00388774495 -0.0003219943424)
(0.007617620787 0.003984766597 -0.000333227731)
(0.007880217157 0.004064735298 -0.0003447148337)
(0.008147484551 0.004127307264 -0.0003564062673)
(0.008418273979 0.004172213498 -0.0003682517698)
(0.008691421312 0.004199260947 -0.0003802004174)
(0.008965752283 0.004208333333 -0.0003922008424)
(0.006064493637 0.003320526498 -0.0002652872216)
(0.006286882846 0.003503804525 -0.000275015489)
(0.00652079307 0.003672101117 -0.0002852477354)
(0.006765218725 0.003824692763 -0.0002959399724)
(0.007019109018 0.003960923467 -0.0003070462336)
(0.00728137247 0.004080207572 -0.0003185187731)
(0.007550881604 0.00418203227 -0.00033030827)
(0.007826477795 0.004265959817 -0.0003423640412)
(0.008106976247 0.004331629406 -0.0003546342586)
(0.008391171092 0.004378758721 -0.0003670661722)
(0.00867784057 0.004407145152 -0.0003796063369)
(0.008965752283 0.004416666667 -0.0003922008424)
(0.005927641814 0.003477155106 -0.0002593007301)
(0.00616052108 0.003669078324 -0.000269487878)
(0.006405464805 0.003845313434 -0.0002802027776)
(0.006661419972 0.004005102799 -0.0002913993653)
(0.006927286222 0.00414775948 -0.0003030295068)
(0.007201920592 0.004272670193 -0.0003150432037)
(0.007484142421 0.004379297944 -0.0003273888091)
(0.007772738432 0.004467184337 -0.0003400132487)
(0.008066467943 0.004535951548 -0.0003528622499)
(0.008364068206 0.004585303943 -0.0003658805745)
(0.008664259829 0.004615029358 -0.0003790122565)
(0.008965752283 0.004625 -0.0003922008424)
(0.005790789991 0.003633783714 -0.0002533142386)
(0.006034159314 0.003834352122 -0.000263960267)
(0.00629013654 0.004018525751 -0.0002751578197)
(0.006557621219 0.004185512835 -0.0002868587582)
(0.006835463427 0.004334595493 -0.0002990127799)
(0.007122468714 0.004465132814 -0.0003115676344)
(0.007417403238 0.004576563617 -0.0003244693481)
(0.007718999069 0.004668408857 -0.0003376624562)
(0.00802595964 0.004740273689 -0.0003510902412)
(0.00833696532 0.004791849166 -0.0003646949769)
(0.008650679088 0.004822913563 -0.0003784181761)
(0.008965752283 0.004833333333 -0.0003922008424)
(0.005653938168 0.003790412323 -0.000247327747)
(0.005907797548 0.00399962592 -0.000258432656)
(0.006174808276 0.004191738068 -0.0002701128618)
(0.006453822466 0.004365922871 -0.0002823181511)
(0.006743640631 0.004521431505 -0.0002949960531)
(0.007043016836 0.004657595435 -0.0003080920651)
(0.007350664055 0.00477382929 -0.0003215498872)
(0.007665259707 0.004869633376 -0.0003353116637)
(0.007985451336 0.004944595831 -0.0003493182326)
(0.008309862433 0.004998394389 -0.0003635093792)
(0.008637098347 0.005030797768 -0.0003778240956)
(0.008965752283 0.005041666667 -0.0003922008424)
(0.005517086345 0.003947040931 -0.0002413412555)
(0.005781435782 0.004164899719 -0.0002529050449)
(0.006059480011 0.004364950385 -0.0002650679039)
(0.006350023714 0.004546332907 -0.0002777775441)
(0.006651817836 0.004708267518 -0.0002909793263)
(0.006963564958 0.004850058057 -0.0003046164958)
(0.007283924872 0.004971094963 -0.0003186304262)
(0.007611520344 0.005070857896 -0.0003329608712)
(0.007944943033 0.005148917973 -0.0003475462239)
(0.008282759547 0.005204939611 -0.0003623237816)
(0.008623517606 0.005238681974 -0.0003772300152)
(0.008965752283 0.00525 -0.0003922008424)
(0.005380234522 0.004103669539 -0.0002353547639)
(0.005655074016 0.004330173517 -0.0002473774339)
(0.005944151746 0.004538162702 -0.0002600229461)
(0.006246224961 0.004726742943 -0.000273236937)
(0.00655999504 0.004895103531 -0.0002869625995)
(0.00688411308 0.005042520678 -0.0003011409265)
(0.007217185689 0.005168360636 -0.0003157109652)
(0.007557780981 0.005272082416 -0.0003306100787)
(0.007904434729 0.005353240115 -0.0003457742152)
(0.008255656661 0.005411484834 -0.0003611381839)
(0.008609936865 0.005446566179 -0.0003766359347)
(0.008965752283 0.005458333333 -0.0003922008424)
(0.005243382699 0.004260298148 -0.0002293682724)
(0.00552871225 0.004495447315 -0.0002418498229)
(0.005828823481 0.004711375019 -0.0002549779882)
(0.006142426208 0.004907152979 -0.0002686963299)
(0.006468172245 0.005081939543 -0.0002829458726)
(0.006804661202 0.005234983299 -0.0002976653572)
(0.007150446506 0.005365626309 -0.0003127915043)
(0.007504041619 0.005473306935 -0.0003282592862)
(0.007863926426 0.005557562256 -0.0003440022066)
(0.008228553774 0.005618030057 -0.0003599525863)
(0.008596356124 0.005654450384 -0.0003760418543)
(0.008965752283 0.005666666667 -0.0003922008424)
(0.005106530876 0.004416926756 -0.0002233817808)
(0.005402350484 0.004660721114 -0.0002363222119)
(0.005713495217 0.004884587335 -0.0002499330303)
(0.006038627455 0.005087563015 -0.0002641557228)
(0.006376349449 0.005268775556 -0.0002789291458)
(0.006725209324 0.005427445921 -0.0002941897879)
(0.007083707323 0.005562891982 -0.0003098720433)
(0.007450302256 0.005674531455 -0.0003259084937)
(0.007823418122 0.005761884398 -0.0003422301979)
(0.008201450888 0.00582457528 -0.0003587669886)
(0.008582775382 0.00586233459 -0.0003754477738)
(0.008965752283 0.005875 -0.0003922008424)
(0.004969679053 0.004573555364 -0.0002173952893)
(0.005275988718 0.004825994912 -0.0002307946009)
(0.005598166952 0.005057799652 -0.0002448880724)
(0.005934828703 0.005267973051 -0.0002596151158)
(0.006284526654 0.005455611568 -0.000274912419)
(0.006645757446 0.005619908542 -0.0002907142186)
(0.00701696814 0.005760157655 -0.0003069525823)
(0.007396562893 0.005875755975 -0.0003235577012)
(0.007782909818 0.00596620654 -0.0003404581892)
(0.008174348002 0.006031120502 -0.000357581391)
(0.008569194641 0.006070218795 -0.0003748536934)
(0.008965752283 0.006083333333 -0.0003922008424)
(0.00483282723 0.004730183973 -0.0002114087977)
(0.005149626952 0.00499126871 -0.0002252669899)
(0.005482838687 0.005231011969 -0.0002398431146)
(0.00583102995 0.005448383087 -0.0002550745087)
(0.006192703858 0.005642447581 -0.0002708956921)
(0.006566305568 0.005812371163 -0.0002872386493)
(0.006950228958 0.005957423329 -0.0003040331214)
(0.007342823531 0.006076980494 -0.0003212069086)
(0.007742401515 0.006170528682 -0.0003386861806)
(0.008147245115 0.006237665725 -0.0003563957933)
(0.0085556139 0.006278103 -0.0003742596129)
(0.008965752283 0.006291666667 -0.0003922008424)
(0.004695975407 0.004886812581 -0.0002054223062)
(0.005023265186 0.005156542509 -0.0002197393789)
(0.005367510422 0.005404224286 -0.0002347981567)
(0.005727231197 0.005628793123 -0.0002505339016)
(0.006100881063 0.005829283594 -0.0002668789653)
(0.00648685369 0.006004833785 -0.00028376308)
(0.006883489775 0.006154689002 -0.0003011136604)
(0.007289084168 0.006278205014 -0.0003188561161)
(0.007701893211 0.006374850824 -0.0003369141719)
(0.008120142229 0.006444210948 -0.0003552101957)
(0.008542033159 0.006485987205 -0.0003736655325)
(0.008965752283 0.0065 -0.0003922008424)
(0.006338197282 0.003007269281 0.0002772602047)
(0.006539606377 0.003173256929 0.000286070711)
(0.0067514496 0.003325676484 0.0002953376512)
(0.00697281623 0.003463872691 0.0003050211865)
(0.007202754609 0.003587251442 0.0003150796873)
(0.007440276226 0.003695282329 0.0003254699117)
(0.00768435997 0.003787500924 0.000336147192)
(0.00793395652 0.003863510778 0.0003470656262)
(0.008187992854 0.003922985122 0.0003581782759)
(0.008445376865 0.003965668275 0.0003694373675)
(0.008705002053 0.003991376742 0.0003807944978)
(0.008965752283 0.004 0.0003922008424)
(0.006201345459 0.003163897889 0.0002712737132)
(0.006413244611 0.003338530727 0.0002805431)
(0.006636121335 0.003498888801 0.0002902926933)
(0.006869017477 0.003644282727 0.0003004805795)
(0.007110931814 0.003774087455 0.0003110629604)
(0.007360824348 0.00388774495 0.0003219943424)
(0.007617620787 0.003984766597 0.000333227731)
(0.007880217157 0.004064735298 0.0003447148337)
(0.008147484551 0.004127307264 0.0003564062673)
(0.008418273979 0.004172213498 0.0003682517698)
(0.008691421312 0.004199260947 0.0003802004174)
(0.008965752283 0.004208333333 0.0003922008424)
(0.006064493637 0.003320526498 0.0002652872216)
(0.006286882846 0.003503804525 0.000275015489)
(0.00652079307 0.003672101117 0.0002852477354)
(0.006765218725 0.003824692763 0.0002959399724)
(0.007019109018 0.003960923467 0.0003070462336)
(0.00728137247 0.004080207572 0.0003185187731)
(0.007550881604 0.00418203227 0.00033030827)
(0.007826477795 0.004265959817 0.0003423640412)
(0.008106976247 0.004331629406 0.0003546342586)
(0.008391171092 0.004378758721 0.0003670661722)
(0.00867784057 0.004407145152 0.0003796063369)
(0.008965752283 0.004416666667 0.0003922008424)
(0.005927641814 0.003477155106 0.0002593007301)
(0.00616052108 0.003669078324 0.000269487878)
(0.006405464805 0.003845313434 0.0002802027776)
(0.006661419972 0.004005102799 0.0002913993653)
(0.006927286222 0.00414775948 0.0003030295068)
(0.007201920592 0.004272670193 0.0003150432037)
(0.007484142421 0.004379297944 0.0003273888091)
(0.007772738432 0.004467184337 0.0003400132487)
(0.008066467943 0.004535951548 0.0003528622499)
(0.008364068206 0.004585303943 0.0003658805745)
(0.008664259829 0.004615029358 0.0003790122565)
(0.008965752283 0.004625 0.0003922008424)
(0.005790789991 0.003633783714 0.0002533142386)
(0.006034159314 0.003834352122 0.000263960267)
(0.00629013654 0.004018525751 0.0002751578197)
(0.006557621219 0.004185512835 0.0002868587582)
(0.006835463427 0.004334595493 0.0002990127799)
(0.007122468714 0.004465132814 0.0003115676344)
(0.007417403238 0.004576563617 0.0003244693481)
(0.007718999069 0.004668408857 0.0003376624562)
(0.00802595964 0.004740273689 0.0003510902412)
(0.00833696532 0.004791849166 0.0003646949769)
(0.008650679088 0.004822913563 0.0003784181761)
(0.008965752283 0.004833333333 0.0003922008424)
(0.005653938168 0.003790412323 0.000247327747)
(0.005907797548 0.00399962592 0.000258432656)
(0.006174808276 0.004191738068 0.0002701128618)
(0.006453822466 0.004365922871 0.0002823181511)
(0.006743640631 0.004521431505 0.0002949960531)
(0.007043016836 0.004657595435 0.0003080920651)
(0.007350664055 0.00477382929 0.0003215498872)
(0.007665259707 0.004869633376 0.0003353116637)
(0.007985451336 0.004944595831 0.0003493182326)
(0.008309862433 0.004998394389 0.0003635093792)
(0.008637098347 0.005030797768 0.0003778240956)
(0.008965752283 0.005041666667 0.0003922008424)
(0.005517086345 0.003947040931 0.0002413412555)
(0.005781435782 0.004164899719 0.0002529050449)
(0.006059480011 0.004364950385 0.0002650679039)
(0.006350023714 0.004546332907 0.0002777775441)
(0.006651817836 0.004708267518 0.0002909793263)
(0.006963564958 0.004850058057 0.0003046164958)
(0.007283924872 0.004971094963 0.0003186304262)
(0.007611520344 0.005070857896 0.0003329608712)
(0.007944943033 0.005148917973 0.0003475462239)
(0.008282759547 0.005204939611 0.0003623237816)
(0.008623517606 0.005238681974 0.0003772300152)
(0.008965752283 0.00525 0.0003922008424)
(0.005380234522 0.004103669539 0.0002353547639)
(0.005655074016 0.004330173517 0.0002473774339)
(0.005944151746 0.004538162702 0.0002600229461)
(0.006246224961 0.004726742943 0.000273236937)
(0.00655999504 0.004895103531 0.0002869625995)
(0.00688411308 0.005042520678 0.0003011409265)
(0.007217185689 0.005168360636 0.0003157109652)
(0.007557780981 0.005272082416 0.0003306100787)
(0.007904434729 0.005353240115 0.0003457742152)
(0.008255656661 0.005411484834 0.0003611381839)
(0.008609936865 0.005446566179 0.0003766359347)
(0.008965752283 0.005458333333 0.0003922008424)
(0.005243382699 0.004260298148 0.0002293682724)
(0.00552871225 0.004495447315 0.0002418498229)
(0.005828823481 0.004711375019 0.0002549779882)
(0.006142426208 0.004907152979 0.0002686963299)
(0.006468172245 0.005081939543 0.0002829458726)
(0.006804661202 0.005234983299 0.0002976653572)
(0.007150446506 0.005365626309 0.0003127915043)
(0.007504041619 0.005473306935 0.0003282592862)
(0.007863926426 0.005557562256 0.0003440022066)
(0.008228553774 0.005618030057 0.0003599525863)
(0.008596356124 0.005654450384 0.0003760418543)
(0.008965752283 0.005666666667 0.0003922008424)
(0.005106530876 0.004416926756 0.0002233817808)
(0.005402350484 0.004660721114 0.0002363222119)
(0.005713495217 0.004884587335 0.0002499330303)
(0.006038627455 0.005087563015 0.0002641557228)
(0.006376349449 0.005268775556 0.0002789291458)
(0.006725209324 0.005427445921 0.0002941897879)
(0.007083707323 0.005562891982 0.0003098720433)
(0.007450302256 0.005674531455 0.0003259084937)
(0.007823418122 0.005761884398 0.0003422301979)
(0.008201450888 0.00582457528 0.0003587669886)
(0.008582775382 0.00586233459 0.0003754477738)
(0.008965752283 0.005875 0.0003922008424)
(0.004969679053 0.004573555364 0.0002173952893)
(0.005275988718 0.004825994912 0.0002307946009)
(0.005598166952 0.005057799652 0.0002448880724)
(0.005934828703 0.005267973051 0.0002596151158)
(0.006284526654 0.005455611568 0.000274912419)
(0.006645757446 0.005619908542 0.0002907142186)
(0.00701696814 0.005760157655 0.0003069525823)
(0.007396562893 0.005875755975 0.0003235577012)
(0.007782909818 0.00596620654 0.0003404581892)
(0.008174348002 0.006031120502 0.000357581391)
(0.008569194641 0.006070218795 0.0003748536934)
(0.008965752283 0.006083333333 0.0003922008424)
(0.00483282723 0.004730183973 0.0002114087977)
(0.005149626952 0.00499126871 0.0002252669899)
(0.005482838687 0.005231011969 0.0002398431146)
(0.00583102995 0.005448383087 0.0002550745087)
(0.006192703858 0.005642447581 0.0002708956921)
(0.006566305568 0.005812371163 0.0002872386493)
(0.006950228958 0.005957423329 0.0003040331214)
(0.007342823531 0.006076980494 0.0003212069086)
(0.007742401515 0.006170528682 0.0003386861806)
(0.008147245115 0.006237665725 0.0003563957933)
(0.0085556139 0.006278103 0.0003742596129)
(0.008965752283 0.006291666667 0.0003922008424)
(0.004695975407 0.004886812581 0.0002054223062)
(0.005023265186 0.005156542509 0.0002197393789)
(0.005367510422 0.005404224286 0.0002347981567)
(0.005727231197 0.005628793123 0.0002505339016)
(0.006100881063 0.005829283594 0.0002668789653)
(0.00648685369 0.006004833785 0.00028376308)
(0.006883489775 0.006154689002 0.0003011136604)
(0.007289084168 0.006278205014 0.0003188561161)
(0.007701893211 0.006374850824 0.0003369141719)
(0.008120142229 0.006444210948 0.0003552101957)
(0.008542033159 0.006485987205 0.0003736655325)
(0.008965752283 0.0065 0.0003922008424)
(0.004387048111 0.005879844572 -0.000191908488)
(0.004702028023 0.006146244866 -0.0002056870738)
(0.00503384021 0.0063934973 -0.0002202019762)
(0.0053811949 0.006620538929 -0.000235396775)
(0.0057427355 0.006826393696 -0.000251212127)
(0.006117044434 0.007010176628 -0.0002675860212)
(0.006502649233 0.007171097636 -0.0002844540454)
(0.006898028867 0.007308464918 -0.0003017496633)
(0.007301620284 0.00742168793 -0.0003194045001)
(0.00771182513 0.007510279922 -0.000337348637)
(0.00812701662 0.007573860035 -0.0003555109113)
(0.008545546529 0.007612154938 -0.0003738192225)
(0.008965752283 0.007625 -0.0003922008424)
(0.004387048111 0.007163495065 -0.000191908488)
(0.004708080638 0.007405677151 -0.0002059518414)
(0.005044415234 0.007630452091 -0.0002206645736)
(0.005394879378 0.007836853572 -0.0002359953933)
(0.005758239803 0.008023994269 -0.0002518903524)
(0.006133207805 0.008191069661 -0.000268293077)
(0.006518444775 0.008337361487 -0.0002851450108)
(0.006912567958 0.008462240835 -0.0003023856661)
(0.0073141564 0.008565170845 -0.0003199528842)
(0.007721757049 0.00864570902 -0.0003377831022)
(0.008133891011 0.008703509123 -0.000355811627)
(0.008549059899 0.008738322671 -0.0003739729126)
(0.008965752283 0.00875 -0.0003922008424)
(0.004387048111 0.008447145559 -0.000191908488)
(0.004714133253 0.008665109436 -0.000206216609)
(0.005054990258 0.008867406882 -0.0002211271709)
(0.005408563855 0.009053168214 -0.0002365940117)
(0.005773744107 0.009221594842 -0.0002525685777)
(0.006149371176 0.009371962695 -0.0002690001329)
(0.006534240317 0.009503625338 -0.0002858359763)
(0.00692710705 0.009616016751 -0.000303021669)
(0.007326692516 0.009708653761 -0.0003205012682)
(0.007731688968 0.009781138118 -0.0003382175674)
(0.008140765402 0.009833158211 -0.0003561123426)
(0.00855257327 0.009864490404 -0.0003741266026)
(0.008965752283 0.009875 -0.0003922008424)
(0.004387048111 0.009730796052 -0.000191908488)
(0.004720185869 0.009924541721 -0.0002064813766)
(0.005065565282 0.01010436167 -0.0002215897683)
(0.005422248333 0.01026948286 -0.00023719263)
(0.00578924841 0.01041919542 -0.0002532468031)
(0.006165534547 0.01055285573 -0.0002697071888)
(0.006550035859 0.01066988919 -0.0002865269417)
(0.006941646142 0.01076979267 -0.0003036576719)
(0.007339228632 0.01085213668 -0.0003210496522)
(0.007741620887 0.01091656722 -0.0003386520325)
(0.008147639793 0.0109628073 -0.0003564130582)
(0.00855608664 0.01099065814 -0.0003742802926)
(0.008965752283 0.011 -0.0003922008424)
(0.004387048111 0.01101444655 -0.000191908488)
(0.004726238484 0.01118397401 -0.0002067461443)
(0.005076140306 0.01134131646 -0.0002220523656)
(0.00543593281 0.0114857975 -0.0002377912483)
(0.005804752713 0.01161679599 -0.0002539250285)
(0.006181697918 0.01173374876 -0.0002704142446)
(0.006565831401 0.01183615304 -0.0002872179072)
(0.006956185234 0.01192356858 -0.0003042936747)
(0.007351764748 0.01199561959 -0.0003215980362)
(0.007751552806 0.01205199631 -0.0003390864977)
(0.008154514184 0.01209245639 -0.0003567137739)
(0.00855960001 0.01211682587 -0.0003744339827)
(0.008965752283 0.012125 -0.0003922008424)
(0.004387048111 0.01229809704 -0.000191908488)
(0.004732291099 0.01244340629 -0.0002070109119)
(0.00508671533 0.01257827125 -0.000222514963)
(0.005449617288 0.01270211214 -0.0002383898667)
(0.005820257016 0.01281439656 -0.0002546032539)
(0.006197861289 0.0129146418 -0.0002711213005)
(0.006581626944 0.01300241689 -0.0002879088726)
(0.006970724326 0.0130773445 -0.0003049296776)
(0.007364300863 0.01313910251 -0.0003221464202)
(0.007761484726 0.01318742541 -0.0003395209629)
(0.008161388575 0.01322210547 -0.0003570144895)
(0.00856311338 0.0132429936 -0.0003745876727)
(0.008965752283 0.01325 -0.0003922008424)
(0.004387048111 0.01358174753 -0.000191908488)
(0.004738343715 0.01370283858 -0.0002072756795)
(0.005097290353 0.01381522605 -0.0002229775603)
(0.005463301766 0.01391842679 -0.000238988485)
(0.005835761319 0.01401199713 -0.0002552814793)
(0.00621402466 0.01409553483 -0.0002718283564)
(0.006597422486 0.01416868074 -0.000288599838)
(0.006985263418 0.01423112042 -0.0003055656805)
(0.007376836979 0.01428258542 -0.0003226948042)
(0.007771416645 0.01432285451 -0.000339955428)
(0.008168262966 0.01435175456 -0.0003573152052)
(0.008566626751 0.01436916134 -0.0003747413627)
(0.008965752283 0.014375 -0.0003922008424)
(0.004387048111 0.01486539803 -0.000191908488)
(0.00474439633 0.01496227086 -0.0002075404471)
(0.005107865377 0.01505218084 -0.0002234401577)
(0.005476986243 0.01513474143 -0.0002395871033)
(0.005851265622 0.01520959771 -0.0002559597046)
(0.006230188031 0.01527642786 -0.0002725354122)
(0.006613218028 0.01533494459 -0.0002892908035)
(0.00699980251 0.01538489633 -0.0003062016833)
(0.007389373095 0.01542606834 -0.0003232431882)
(0.007781348564 0.01545828361 -0.0003403898932)
(0.008175137357 0.01548140365 -0.0003576159208)
(0.008570140121 0.01549532907 -0.0003748950528)
(0.008965752283 0.0155 -0.0003922008424)
(0.004387048111 0.01614904852 -0.000191908488)
(0.004750448946 0.01622170315 -0.0002078052147)
(0.005118440401 0.01628913563 -0.000223902755)
(0.005490670721 0.01635105607 -0.0002401857216)
(0.005866769925 0.01640719828 -0.00025663793)
(0.006246351403 0.0164573209 -0.0002732424681)
(0.00662901357 0.01650120845 -0.0002899817689)
(0.007014341602 0.01653867225 -0.0003068376862)
(0.007401909211 0.01656955125 -0.0003237915723)
(0.007791280483 0.01659371271 -0.0003408243583)
(0.008182011748 0.01661105274 -0.0003579166364)
(0.008573653491 0.0166214968 -0.0003750487428)
(0.008965752283 0.016625 -0.0003922008424)
(0.004387048111 0.01743269901 -0.000191908488)
(0.004756501561 0.01748113543 -0.0002080699823)
(0.005129015425 0.01752609042 -0.0002243653524)
(0.005504355199 0.01756737071 -0.00024078434)
(0.005882274228 0.01760479885 -0.0002573161554)
(0.006262514774 0.01763821393 -0.000273949524)
(0.006644809112 0.0176674723 -0.0002906727344)
(0.007028880694 0.01769244817 -0.000307473689)
(0.007414445327 0.01771303417 -0.0003243399563)
(0.007801212402 0.0177291418 -0.0003412588235)
(0.008188886139 0.01774070182 -0.0003582173521)
(0.008577166861 0.01774766453 -0.0003752024328)
(0.008965752283 0.01775 -0.0003922008424)
(0.004387048111 0.01871634951 -0.000191908488)
(0.004762554176 0.01874056772 -0.00020833475)
(0.005139590449 0.01876304521 -0.0002248279498)
(0.005518039676 0.01878368536 -0.0002413829583)
(0.005897778532 0.01880239943 -0.0002579943808)
(0.006278678145 0.01881910697 -0.0002746565798)
(0.006660604655 0.01883373615 -0.0002913636998)
(0.007043419786 0.01884622408 -0.0003081096919)
(0.007426981443 0.01885651708 -0.0003248883403)
(0.007811144321 0.0188645709 -0.0003416932887)
(0.00819576053 0.01887035091 -0.0003585180677)
(0.008580680232 0.01887383227 -0.0003753561229)
(0.008965752283 0.018875 -0.0003922008424)
(0.004387048111 0.02 -0.000191908488)
(0.004768606792 0.02 -0.0002085995176)
(0.005150165473 0.02 -0.0002252905471)
(0.005531724154 0.02 -0.0002419815766)
(0.005913282835 0.02 -0.0002586726062)
(0.006294841516 0.02 -0.0002753636357)
(0.006676400197 0.02 -0.0002920546652)
(0.007057958878 0.02 -0.0003087456948)
(0.007439517559 0.02 -0.0003254367243)
(0.00782107624 0.02 -0.0003421277538)
(0.008202634921 0.02 -0.0003588187834)
(0.008584193602 0.02 -0.0003755098129)
(0.008965752283 0.02 -0.0003922008424)
(0.004387048111 0.005879844572 0.000191908488)
(0.004702028023 0.006146244866 0.0002056870738)
(0.00503384021 0.0063934973 0.0002202019762)
(0.0053811949 0.006620538929 0.000235396775)
(0.0057427355 0.006826393696 0.000251212127)
(0.006117044434 0.007010176628 0.0002675860212)
(0.006502649233 0.007171097636 0.0002844540454)
(0.006898028867 0.007308464918 0.0003017496633)
(0.007301620284 0.00742168793 0.0003194045001)
(0.00771182513 0.007510279922 0.000337348637)
(0.00812701662 0.007573860035 0.0003555109113)
(0.008545546529 0.007612154938 0.0003738192225)
(0.008965752283 0.007625 0.0003922008424)
(0.004387048111 0.007163495065 0.000191908488)
(0.004708080638 0.007405677151 0.0002059518414)
(0.005044415234 0.007630452091 0.0002206645736)
(0.005394879378 0.007836853572 0.0002359953933)
(0.005758239803 0.008023994269 0.0002518903524)
(0.006133207805 0.008191069661 0.000268293077)
(0.006518444775 0.008337361487 0.0002851450108)
(0.006912567958 0.008462240835 0.0003023856661)
(0.0073141564 0.008565170845 0.0003199528842)
(0.007721757049 0.00864570902 0.0003377831022)
(0.008133891011 0.008703509123 0.000355811627)
(0.008549059899 0.008738322671 0.0003739729126)
(0.008965752283 0.00875 0.0003922008424)
(0.004387048111 0.008447145559 0.000191908488)
(0.004714133253 0.008665109436 0.000206216609)
(0.005054990258 0.008867406882 0.0002211271709)
(0.005408563855 0.009053168214 0.0002365940117)
(0.005773744107 0.009221594842 0.0002525685777)
(0.006149371176 0.009371962695 0.0002690001329)
(0.006534240317 0.009503625338 0.0002858359763)
(0.00692710705 0.009616016751 0.000303021669)
(0.007326692516 0.009708653761 0.0003205012682)
(0.007731688968 0.009781138118 0.0003382175674)
(0.008140765402 0.009833158211 0.0003561123426)
(0.00855257327 0.009864490404 0.0003741266026)
(0.008965752283 0.009875 0.0003922008424)
(0.004387048111 0.009730796052 0.000191908488)
(0.004720185869 0.009924541721 0.0002064813766)
(0.005065565282 0.01010436167 0.0002215897683)
(0.005422248333 0.01026948286 0.00023719263)
(0.00578924841 0.01041919542 0.0002532468031)
(0.006165534547 0.01055285573 0.0002697071888)
(0.006550035859 0.01066988919 0.0002865269417)
(0.006941646142 0.01076979267 0.0003036576719)
(0.007339228632 0.01085213668 0.0003210496522)
(0.007741620887 0.01091656722 0.0003386520325)
(0.008147639793 0.0109628073 0.0003564130582)
(0.00855608664 0.01099065814 0.0003742802926)
(0.008965752283 0.011 0.0003922008424)
(0.004387048111 0.01101444655 0.000191908488)
(0.004726238484 0.01118397401 0.0002067461443)
(0.005076140306 0.01134131646 0.0002220523656)
(0.00543593281 0.0114857975 0.0002377912483)
(0.005804752713 0.01161679599 0.0002539250285)
(0.006181697918 0.01173374876 0.0002704142446)
(0.006565831401 0.01183615304 0.0002872179072)
(0.006956185234 0.01192356858 0.0003042936747)
(0.007351764748 0.01199561959 0.0003215980362)
(0.007751552806 0.01205199631 0.0003390864977)
(0.008154514184 0.01209245639 0.0003567137739)
(0.00855960001 0.01211682587 0.0003744339827)
(0.008965752283 0.012125 0.0003922008424)
(0.004387048111 0.01229809704 0.000191908488)
(0.004732291099 0.01244340629 0.0002070109119)
(0.00508671533 0.01257827125 0.000222514963)
(0.005449617288 0.01270211214 0.0002383898667)
(0.005820257016 0.01281439656 0.0002546032539)
(0.006197861289 0.0129146418 0.0002711213005)
(0.006581626944 0.01300241689 0.0002879088726)
(0.006970724326 0.0130773445 0.0003049296776)
(0.007364300863 0.01313910251 0.0003221464202)
(0.007761484726 0.01318742541 0.0003395209629)
(0.008161388575 0.01322210547 0.0003570144895)
(0.00856311338 0.0132429936 0.0003745876727)
(0.008965752283 0.01325 0.0003922008424)
(0.004387048111 0.01358174753 0.000191908488)
(0.004738343715 0.01370283858 0.0002072756795)
(0.005097290353 0.01381522605 0.0002229775603)
(0.005463301766 0.01391842679 0.000238988485)
(0.005835761319 0.01401199713 0.0002552814793)
(0.00621402466 0.01409553483 0.0002718283564)
(0.006597422486 0.01416868074 0.000288599838)
(0.006985263418 0.01423112042 0.0003055656805)
(0.007376836979 0.01428258542 0.0003226948042)
(0.007771416645 0.01432285451 0.000339955428)
(0.008168262966 0.01435175456 0.0003573152052)
(0.008566626751 0.01436916134 0.0003747413627)
(0.008965752283 0.014375 0.0003922008424)
(0.004387048111 0.01486539803 0.000191908488)
(0.00474439633 0.01496227086 0.0002075404471)
(0.005107865377 0.01505218084 0.0002234401577)
(0.005476986243 0.01513474143 0.0002395871033)
(0.005851265622 0.01520959771 0.0002559597046)
(0.006230188031 0.01527642786 0.0002725354122)
(0.006613218028 0.01533494459 0.0002892908035)
(0.00699980251 0.01538489633 0.0003062016833)
(0.007389373095 0.01542606834 0.0003232431882)
(0.007781348564 0.01545828361 0.0003403898932)
(0.008175137357 0.01548140365 0.0003576159208)
(0.008570140121 0.01549532907 0.0003748950528)
(0.008965752283 0.0155 0.0003922008424)
(0.004387048111 0.01614904852 0.000191908488)
(0.004750448946 0.01622170315 0.0002078052147)
(0.005118440401 0.01628913563 0.000223902755)
(0.005490670721 0.01635105607 0.0002401857216)
(0.005866769925 0.01640719828 0.00025663793)
(0.006246351403 0.0164573209 0.0002732424681)
(0.00662901357 0.01650120845 0.0002899817689)
(0.007014341602 0.01653867225 0.0003068376862)
(0.007401909211 0.01656955125 0.0003237915723)
(0.007791280483 0.01659371271 0.0003408243583)
(0.008182011748 0.01661105274 0.0003579166364)
(0.008573653491 0.0166214968 0.0003750487428)
(0.008965752283 0.016625 0.0003922008424)
(0.004387048111 0.01743269901 0.000191908488)
(0.004756501561 0.01748113543 0.0002080699823)
(0.005129015425 0.01752609042 0.0002243653524)
(0.005504355199 0.01756737071 0.00024078434)
(0.005882274228 0.01760479885 0.0002573161554)
(0.006262514774 0.01763821393 0.000273949524)
(0.006644809112 0.0176674723 0.0002906727344)
(0.007028880694 0.01769244817 0.000307473689)
(0.007414445327 0.01771303417 0.0003243399563)
(0.007801212402 0.0177291418 0.0003412588235)
(0.008188886139 0.01774070182 0.0003582173521)
(0.008577166861 0.01774766453 0.0003752024328)
(0.008965752283 0.01775 0.0003922008424)
(0.004387048111 0.01871634951 0.000191908488)
(0.004762554176 0.01874056772 0.00020833475)
(0.005139590449 0.01876304521 0.0002248279498)
(0.005518039676 0.01878368536 0.0002413829583)
(0.005897778532 0.01880239943 0.0002579943808)
(0.006278678145 0.01881910697 0.0002746565798)
(0.006660604655 0.01883373615 0.0002913636998)
(0.007043419786 0.01884622408 0.0003081096919)
(0.007426981443 0.01885651708 0.0003248883403)
(0.007811144321 0.0188645709 0.0003416932887)
(0.00819576053 0.01887035091 0.0003585180677)
(0.008580680232 0.01887383227 0.0003753561229)
(0.008965752283 0.018875 0.0003922008424)
(0.004387048111 0.02 0.000191908488)
(0.004768606792 0.02 0.0002085995176)
(0.005150165473 0.02 0.0002252905471)
(0.005531724154 0.02 0.0002419815766)
(0.005913282835 0.02 0.0002586726062)
(0.006294841516 0.02 0.0002753636357)
(0.006676400197 0.02 0.0002920546652)
(0.007057958878 0.02 0.0003087456948)
(0.007439517559 0.02 0.0003254367243)
(0.00782107624 0.02 0.0003421277538)
(0.008202634921 0.02 0.0003588187834)
(0.008584193602 0.02 0.0003755098129)
(0.008965752283 0.02 0.0003922008424)
(0 0.005879844572 0)
(0.0003655873426 0.005879844572 -1.5992374e-05)
(0.0007311746851 0.005879844572 -3.198474801e-05)
(0.001096762028 0.005879844572 -4.797712201e-05)
(0.00146234937 0.005879844572 -6.396949601e-05)
(0.001827936713 0.005879844572 -7.996187002e-05)
(0.002193524055 0.005879844572 -9.595424402e-05)
(0.002559111398 0.005879844572 -0.000111946618)
(0.00292469874 0.005879844572 -0.000127938992)
(0.003290286083 0.005879844572 -0.000143931366)
(0.003655873426 0.005879844572 -0.00015992374)
(0.004021460768 0.005879844572 -0.000175916114)
(0 0.007163495065 0)
(0.0003655873426 0.007163495065 -1.5992374e-05)
(0.0007311746851 0.007163495065 -3.198474801e-05)
(0.001096762028 0.007163495065 -4.797712201e-05)
(0.00146234937 0.007163495065 -6.396949601e-05)
(0.001827936713 0.007163495065 -7.996187002e-05)
(0.002193524055 0.007163495065 -9.595424402e-05)
(0.002559111398 0.007163495065 -0.000111946618)
(0.00292469874 0.007163495065 -0.000127938992)
(0.003290286083 0.007163495065 -0.000143931366)
(0.003655873426 0.007163495065 -0.00015992374)
(0.004021460768 0.007163495065 -0.000175916114)
(0 0.008447145559 0)
(0.0003655873426 0.008447145559 -1.5992374e-05)
(0.0007311746851 0.008447145559 -3.198474801e-05)
(0.001096762028 0.008447145559 -4.797712201e-05)
(0.00146234937 0.008447145559 -6.396949601e-05)
(0.001827936713 0.008447145559 -7.996187002e-05)
(0.002193524055 0.008447145559 -9.595424402e-05)
(0.002559111398 0.008447145559 -0.000111946618)
(0.00292469874 0.008447145559 -0.000127938992)
(0.003290286083 0.008447145559 -0.000143931366)
(0.003655873426 0.008447145559 -0.00015992374)
(0.004021460768 0.008447145559 -0.000175916114)
(0 0.009730796052 0)
(0.0003655873426 0.009730796052 -1.5992374e-05)
(0.0007311746851 0.009730796052 -3.198474801e-05)
(0.001096762028 0.009730796052 -4.797712201e-05)
(0.00146234937 0.009730796052 -6.396949601e-05)
(0.001827936713 0.009730796052 -7.996187002e-05)
(0.002193524055 0.009730796052 -9.595424402e-05)
(0.002559111398 0.009730796052 -0.000111946618)
(0.00292469874 0.009730796052 -0.000127938992)
(0.003290286083 0.009730796052 -0.000143931366)
(0.003655873426 0.009730796052 -0.00015992374)
(0.004021460768 0.009730796052 -0.000175916114)
(0 0.01101444655 0)
(0.0003655873426 0.01101444655 -1.5992374e-05)
(0.0007311746851 0.01101444655 -3.198474801e-05)
(0.001096762028 0.01101444655 -4.797712201e-05)
(0.00146234937 0.01101444655 -6.396949601e-05)
(0.001827936713 0.01101444655 -7.996187002e-05)
(0.002193524055 0.01101444655 -9.595424402e-05)
(0.002559111398 0.01101444655 -0.000111946618)
(0.00292469874 0.01101444655 -0.000127938992)
(0.003290286083 0.01101444655 -0.000143931366)
(0.003655873426 0.01101444655 -0.00015992374)
(0.004021460768 0.01101444655 -0.000175916114)
(0 0.01229809704 0)
(0.0003655873426 0.01229809704 -1.5992374e-05)
(0.0007311746851 0.01229809704 -3.198474801e-05)
(0.001096762028 0.01229809704 -4.797712201e-05)
(0.00146234937 0.01229809704 -6.396949601e-05)
(0.001827936713 0.01229809704 -7.996187002e-05)
(0.002193524055 0.01229809704 -9.595424402e-05)
(0.002559111398 0.01229809704 -0.000111946618)
(0.00292469874 0.01229809704 -0.000127938992)
(0.003290286083 0.01229809704 -0.000143931366)
(0.003655873426 0.01229809704 -0.00015992374)
(0.004021460768 0.01229809704 -0.000175916114)
(0 0.01358174753 0)
(0.0003655873426 0.01358174753 -1.5992374e-05)
(0.0007311746851 0.01358174753 -3.198474801e-05)
(0.001096762028 0.01358174753 -4.797712201e-05)
(0.00146234937 0.01358174753 -6.396949601e-05)
(0.001827936713 0.01358174753 -7.996187002e-05)
(0.002193524055 0.01358174753 -9.595424402e-05)
(0.002559111398 0.01358174753 -0.000111946618)
(0.00292469874 0.01358174753 -0.000127938992)
(0.003290286083 0.01358174753 -0.000143931366)
(0.003655873426 0.01358174753 -0.00015992374)
(0.004021460768 0.01358174753 -0.000175916114)
(0 0.01486539803 0)
(0.0003655873426 0.01486539803 -1.5992374e-05)
(0.0007311746851 0.01486539803 -3.198474801e-05)
(0.001096762028 0.01486539803 -4.797712201e-05)
(0.00146234937 0.01486539803 -6.396949601e-05)
(0.001827936713 0.01486539803 -7.996187002e-05)
(0.002193524055 0.01486539803 -9.595424402e-05)
(0.002559111398 0.01486539803 -0.000111946618)
(0.00292469874 0.01486539803 -0.000127938992)
(0.003290286083 0.01486539803 -0.000143931366)
(0.003655873426 0.01486539803 -0.00015992374)
(0.004021460768 0.01486539803 -0.000175916114)
(0 0.01614904852 0)
(0.0003655873426 0.01614904852 -1.5992374e-05)
(0.0007311746851 0.01614904852 -3.198474801e-05)
(0.001096762028 0.01614904852 -4.797712201e-05)
(0.00146234937 0.01614904852 -6.396949601e-05)
(0.001827936713 0.01614904852 -7.996187002e-05)
(0.002193524055 0.01614904852 -9.595424402e-05)
(0.002559111398 0.01614904852 -0.000111946618)
(0.00292469874 0.01614904852 -0.000127938992)
(0.003290286083 0.01614904852 -0.000143931366)
(0.003655873426 0.01614904852 -0.00015992374)
(0.004021460768 0.01614904852 -0.000175916114)
(0 0.01743269901 0)
(0.0003655873426 0.01743269901 -1.5992374e-05)
(0.0007311746851 0.01743269901 -3.198474801e-05)
(0.001096762028 0.01743269901 -4.797712201e-05)
(0.00146234937 0.01743269901 -6.396949601e-05)
(0.001827936713 0.01743269901 -7.996187002e-05)
(0.002193524055 0.01743269901 -9.595424402e-05)
(0.002559111398 0.01743269901 -0.000111946618)
(0.00292469874 0.01743269901 -0.000127938992)
(0.003290286083 0.01743269901 -0.000143931366)
(0.003655873426 0.01743269901 -0.00015992374)
(0.004021460768 0.01743269901 -0.000175916114)
(0 0.01871634951 0)
(0.0003655873426 0.01871634951 -1.5992374e-05)
(0.0007311746851 0.01871634951 -3.198474801e-05)
(0.001096762028 0.01871634951 -4.797712201e-05)
(0.00146234937 0.01871634951 -6.396949601e-05)
(0.001827936713 0.01871634951 -7.996187002e-05)
(0.002193524055 0.01871634951 -9.595424402e-05)
(0.002559111398 0.01871634951 -0.000111946618)
(0.00292469874 0.01871634951 -0.000127938992)
(0.003290286083 0.01871634951 -0.000143931366)
(0.003655873426 0.01871634951 -0.00015992374)
(0.004021460768 0.01871634951 -0.000175916114)
(0 0.02 0)
(0.0003655873426 0.02 -1.5992374e-05)
(0.0007311746851 0.02 -3.198474801e-05)
(0.001096762028 0.02 -4.797712201e-05)
(0.00146234937 0.02 -6.396949601e-05)
(0.001827936713 0.02 -7.996187002e-05)
(0.002193524055 0.02 -9.595424402e-05)
(0.002559111398 0.02 -0.000111946618)
(0.00292469874 0.02 -0.000127938992)
(0.003290286083 0.02 -0.000143931366)
(0.003655873426 0.02 -0.00015992374)
(0.004021460768 0.02 -0.000175916114)
(0.0003655873426 0.005879844572 1.5992374e-05)
(0.0007311746851 0.005879844572 3.198474801e-05)
(0.001096762028 0.005879844572 4.797712201e-05)
(0.00146234937 0.005879844572 6.396949601e-05)
(0.001827936713 0.005879844572 7.996187002e-05)
(0.002193524055 0.005879844572 9.595424402e-05)
(0.002559111398 0.005879844572 0.000111946618)
(0.00292469874 0.005879844572 0.000127938992)
(0.003290286083 0.005879844572 0.000143931366)
(0.003655873426 0.005879844572 0.00015992374)
(0.004021460768 0.005879844572 0.000175916114)
(0.0003655873426 0.007163495065 1.5992374e-05)
(0.0007311746851 0.007163495065 3.198474801e-05)
(0.001096762028 0.007163495065 4.797712201e-05)
(0.00146234937 0.007163495065 6.396949601e-05)
(0.001827936713 0.007163495065 7.996187002e-05)
(0.002193524055 0.007163495065 9.595424402e-05)
(0.002559111398 0.007163495065 0.000111946618)
(0.00292469874 0.007163495065 0.000127938992)
(0.003290286083 0.007163495065 0.000143931366)
(0.003655873426 0.007163495065 0.00015992374)
(0.004021460768 0.007163495065 0.000175916114)
(0.0003655873426 0.008447145559 1.5992374e-05)
(0.0007311746851 0.008447145559 3.198474801e-05)
(0.001096762028 0.008447145559 4.797712201e-05)
(0.00146234937 0.008447145559 6.396949601e-05)
(0.001827936713 0.008447145559 7.996187002e-05)
(0.002193524055 0.008447145559 9.595424402e-05)
(0.002559111398 0.008447145559 0.000111946618)
(0.00292469874 0.008447145559 0.000127938992)
(0.003290286083 0.008447145559 0.000143931366)
(0.003655873426 0.008447145559 0.00015992374)
(0.004021460768 0.008447145559 0.000175916114)
(0.0003655873426 0.009730796052 1.5992374e-05)
(0.0007311746851 0.009730796052 3.198474801e-05)
(0.001096762028 0.009730796052 4.797712201e-05)
(0.00146234937 0.009730796052 6.396949601e-05)
(0.001827936713 0.009730796052 7.996187002e-05)
(0.002193524055 0.009730796052 9.595424402e-05)
(0.002559111398 0.009730796052 0.000111946618)
(0.00292469874 0.009730796052 0.000127938992)
(0.003290286083 0.009730796052 0.000143931366)
(0.003655873426 0.009730796052 0.00015992374)
(0.004021460768 0.009730796052 0.000175916114)
(0.0003655873426 0.01101444655 1.5992374e-05)
(0.0007311746851 0.01101444655 3.198474801e-05)
(0.001096762028 0.01101444655 4.797712201e-05)
(0.00146234937 0.01101444655 6.396949601e-05)
(0.001827936713 0.01101444655 7.996187002e-05)
(0.002193524055 0.01101444655 9.595424402e-05)
(0.002559111398 0.01101444655 0.000111946618)
(0.00292469874 0.01101444655 0.000127938992)
(0.003290286083 0.01101444655 0.000143931366)
(0.003655873426 0.01101444655 0.00015992374)
(0.004021460768 0.01101444655 0.000175916114)
(0.0003655873426 0.01229809704 1.5992374e-05)
(0.0007311746851 0.01229809704 3.198474801e-05)
(0.001096762028 0.01229809704 4.797712201e-05)
(0.00146234937 0.01229809704 6.396949601e-05)
(0.001827936713 0.01229809704 7.996187002e-05)
(0.002193524055 0.01229809704 9.595424402e-05)
(0.002559111398 0.01229809704 0.000111946618)
(0.00292469874 0.01229809704 0.000127938992)
(0.003290286083 0.01229809704 0.000143931366)
(0.003655873426 0.01229809704 0.00015992374)
(0.004021460768 0.01229809704 0.000175916114)
(0.0003655873426 0.01358174753 1.5992374e-05)
(0.0007311746851 0.01358174753 3.198474801e-05)
(0.001096762028 0.01358174753 4.797712201e-05)
(0.00146234937 0.01358174753 6.396949601e-05)
(0.001827936713 0.01358174753 7.996187002e-05)
(0.002193524055 0.01358174753 9.595424402e-05)
(0.002559111398 0.01358174753 0.000111946618)
(0.00292469874 0.01358174753 0.000127938992)
(0.003290286083 0.01358174753 0.000143931366)
(0.003655873426 0.01358174753 0.00015992374)
(0.004021460768 0.01358174753 0.000175916114)
(0.0003655873426 0.01486539803 1.5992374e-05)
(0.0007311746851 0.01486539803 3.198474801e-05)
(0.001096762028 0.01486539803 4.797712201e-05)
(0.00146234937 0.01486539803 6.396949601e-05)
(0.001827936713 0.01486539803 7.996187002e-05)
(0.002193524055 0.01486539803 9.595424402e-05)
(0.002559111398 0.01486539803 0.000111946618)
(0.00292469874 0.01486539803 0.000127938992)
(0.003290286083 0.01486539803 0.000143931366)
(0.003655873426 0.01486539803 0.00015992374)
(0.004021460768 0.01486539803 0.000175916114)
(0.0003655873426 0.01614904852 1.5992374e-05)
(0.0007311746851 0.01614904852 3.198474801e-05)
(0.001096762028 0.01614904852 4.797712201e-05)
(0.00146234937 0.01614904852 6.396949601e-05)
(0.001827936713 0.01614904852 7.996187002e-05)
(0.002193524055 0.01614904852 9.595424402e-05)
(0.002559111398 0.01614904852 0.000111946618)
(0.00292469874 0.01614904852 0.000127938992)
(0.003290286083 0.01614904852 0.000143931366)
(0.003655873426 0.01614904852 0.00015992374)
(0.004021460768 0.01614904852 0.000175916114)
(0.0003655873426 0.01743269901 1.5992374e-05)
(0.0007311746851 0.01743269901 3.198474801e-05)
(0.001096762028 0.01743269901 4.797712201e-05)
(0.00146234937 0.01743269901 6.396949601e-05)
(0.001827936713 0.01743269901 7.996187002e-05)
(0.002193524055 0.01743269901 9.595424402e-05)
(0.002559111398 0.01743269901 0.000111946618)
(0.00292469874 0.01743269901 0.000127938992)
(0.003290286083 0.01743269901 0.000143931366)
(0.003655873426 0.01743269901 0.00015992374)
(0.004021460768 0.01743269901 0.000175916114)
(0.0003655873426 0.01871634951 1.5992374e-05)
(0.0007311746851 0.01871634951 3.198474801e-05)
(0.001096762028 0.01871634951 4.797712201e-05)
(0.00146234937 0.01871634951 6.396949601e-05)
(0.001827936713 0.01871634951 7.996187002e-05)
(0.002193524055 0.01871634951 9.595424402e-05)
(0.002559111398 0.01871634951 0.000111946618)
(0.00292469874 0.01871634951 0.000127938992)
(0.003290286083 0.01871634951 0.000143931366)
(0.003655873426 0.01871634951 0.00015992374)
(0.004021460768 0.01871634951 0.000175916114)
(0.0003655873426 0.02 1.5992374e-05)
(0.0007311746851 0.02 3.198474801e-05)
(0.001096762028 0.02 4.797712201e-05)
(0.00146234937 0.02 6.396949601e-05)
(0.001827936713 0.02 7.996187002e-05)
(0.002193524055 0.02 9.595424402e-05)
(0.002559111398 0.02 0.000111946618)
(0.00292469874 0.02 0.000127938992)
(0.003290286083 0.02 0.000143931366)
(0.003655873426 0.02 0.00015992374)
(0.004021460768 0.02 0.000175916114)
)


// ************************************************************************* //
